element=3
l=0 n=9
  1.4690000000000000e+03  7.6599999999999997e-04
  2.2050000000000000e+02  5.8919999999999997e-03
  5.0259999999999998e+01  2.9670999999999999e-02
  1.4240000000000000e+01  1.0918000000000000e-01
  4.5810000000000004e+00  2.8278900000000001e-01
  1.5800000000000001e+00  4.5312300000000000e-01
  5.6399999999999995e-01  2.7477400000000002e-01
  7.3450000000000001e-02  9.7509999999999993e-03
  2.8049999999999999e-02 -3.1800000000000001e-03
l=0 n=9
  1.4690000000000000e+03 -1.2000000000000000e-04
  2.2050000000000000e+02 -9.2299999999999999e-04
  5.0259999999999998e+01 -4.6889999999999996e-03
  1.4240000000000000e+01 -1.7682000000000000e-02
  4.5810000000000004e+00 -4.8902000000000001e-02
  1.5800000000000001e+00 -9.6008999999999997e-02
  5.6399999999999995e-01 -1.3638000000000000e-01
  7.3450000000000001e-02  5.7510200000000000e-01
  2.8049999999999999e-02  5.1766100000000004e-01
l=0 n=1
  2.8049999999999999e-02  1.0000000000000000e+00
l=1 n=4
  1.5340000000000000e+00  2.2783999999999999e-02
  2.7489999999999998e-01  1.3910700000000001e-01
  7.3620000000000005e-02  5.0037500000000001e-01
  2.4029999999999999e-02  5.0847399999999998e-01
l=1 n=1
  2.4029999999999999e-02  1.0000000000000000e+00
l=2 n=1
  1.2390000000000000e-01  1.0000000000000000e+00
l=0 n=1
  9.0600000000000003e-01  1.0000000000000000e+00
l=1 n=1
  3.2420000000000000e+00  1.0000000000000000e+00
end=3
element=4
l=0 n=9
  2.9400000000000000e+03  6.8000000000000005e-04
  4.4119999999999999e+02  5.2360000000000002e-03
  1.0050000000000000e+02  2.6606000000000001e-02
  2.8430000000000000e+01  9.9992999999999999e-02
  9.1690000000000005e+00  2.6970200000000000e-01
  3.1960000000000002e+00  4.5146900000000001e-01
  1.1590000000000000e+00  2.9507400000000000e-01
  1.8110000000000001e-01  1.2586999999999999e-02
  5.8900000000000001e-02 -3.7559999999999998e-03
l=0 n=9
  2.9400000000000000e+03 -1.2300000000000001e-04
  4.4119999999999999e+02 -9.6599999999999995e-04
  1.0050000000000000e+02 -4.8310000000000002e-03
  2.8430000000000000e+01 -1.9314000000000001e-02
  9.1690000000000005e+00 -5.3280000000000001e-02
  3.1960000000000002e+00 -1.2072300000000000e-01
  1.1590000000000000e+00 -1.3343500000000000e-01
  1.8110000000000001e-01  5.3076699999999999e-01
  5.8900000000000001e-02  5.8011699999999999e-01
l=0 n=1
  5.8900000000000001e-02  1.0000000000000000e+00
l=1 n=4
  3.6190000000000002e+00  2.9111000000000001e-02
  7.1099999999999997e-01  1.6936499999999999e-01
  1.9510000000000000e-01  5.1345799999999997e-01
  6.0179999999999997e-02  4.7933799999999999e-01
l=1 n=1
  6.0179999999999997e-02  1.0000000000000000e+00
l=2 n=1
  2.3799999999999999e-01  1.0000000000000000e+00
l=0 n=1
  1.8600000000000001e+00  1.0000000000000000e+00
l=1 n=1
  6.1630000000000003e+00  1.0000000000000000e+00
end=4
element=5
l=0 n=9
  4.5700000000000000e+03  6.9600000000000000e-04
  6.8589999999999998e+02  5.3530000000000001e-03
  1.5650000000000000e+02  2.7133999999999998e-02
  4.4469999999999999e+01  1.0138000000000000e-01
  1.4480000000000000e+01  2.7205499999999999e-01
  5.1310000000000002e+00  4.4840300000000000e-01
  1.8979999999999999e+00  2.9012300000000002e-01
  3.3289999999999997e-01  1.4322000000000000e-02
  1.0430000000000000e-01 -3.4859999999999999e-03
l=0 n=9
  4.5700000000000000e+03 -1.3899999999999999e-04
  6.8589999999999998e+02 -1.0970000000000001e-03
  1.5650000000000000e+02 -5.4440000000000001e-03
  4.4469999999999999e+01 -2.1916000000000001e-02
  1.4480000000000000e+01 -5.9750999999999999e-02
  5.1310000000000002e+00 -1.3873199999999999e-01
  1.8979999999999999e+00 -1.3148199999999999e-01
  3.3289999999999997e-01  5.3952599999999995e-01
  1.0430000000000000e-01  5.8077400000000001e-01
l=0 n=1
  1.0430000000000000e-01  1.0000000000000000e+00
l=1 n=4
  6.0010000000000003e+00  3.5480999999999999e-02
  1.2410000000000001e+00  1.9807200000000000e-01
  3.3639999999999998e-01  5.0522999999999996e-01
  9.5380000000000006e-02  4.7949900000000001e-01
l=1 n=1
  9.5380000000000006e-02  1.0000000000000000e+00
l=2 n=1
  3.4300000000000003e-01  1.0000000000000000e+00
l=0 n=1
  3.0659999999999998e+00  1.0000000000000000e+00
l=1 n=1
  9.9399999999999995e+00  1.0000000000000000e+00
end=5
element=6
l=0 n=9
  6.6650000000000000e+03  6.9200000000000002e-04
  1.0000000000000000e+03  5.3290000000000004e-03
  2.2800000000000000e+02  2.7077000000000000e-02
  6.4709999999999994e+01  1.0171800000000000e-01
  2.1059999999999999e+01  2.7473999999999998e-01
  7.4950000000000001e+00  4.4856400000000002e-01
  2.7970000000000002e+00  2.8507399999999999e-01
  5.2149999999999996e-01  1.5204000000000001e-02
  1.5959999999999999e-01 -3.1909999999999998e-03
l=0 n=9
  6.6650000000000000e+03 -1.4600000000000000e-04
  1.0000000000000000e+03 -1.1540000000000001e-03
  2.2800000000000000e+02 -5.7250000000000001e-03
  6.4709999999999994e+01 -2.3311999999999999e-02
  2.1059999999999999e+01 -6.3954999999999998e-02
  7.4950000000000001e+00 -1.4998100000000000e-01
  2.7970000000000002e+00 -1.2726199999999999e-01
  5.2149999999999996e-01  5.4452900000000004e-01
  1.5959999999999999e-01  5.8049600000000001e-01
l=0 n=1
  1.5959999999999999e-01  1.0000000000000000e+00
l=1 n=4
  9.4390000000000001e+00  3.8108999999999997e-02
  2.0019999999999998e+00  2.0948000000000000e-01
  5.4559999999999997e-01  5.0855700000000004e-01
  1.5170000000000000e-01  4.6884199999999998e-01
l=1 n=1
  1.5170000000000000e-01  1.0000000000000000e+00
l=2 n=1
  5.5000000000000004e-01  1.0000000000000000e+00
l=0 n=1
  4.5300000000000002e+00  1.0000000000000000e+00
l=1 n=1
  1.4557000000000000e+01  1.0000000000000000e+00
end=6
element=7
l=0 n=9
  9.0460000000000000e+03  6.9999999999999999e-04
  1.3570000000000000e+03  5.3889999999999997e-03
  3.0930000000000001e+02  2.7406000000000000e-02
  8.7730000000000004e+01  1.0320699999999999e-01
  2.8559999999999999e+01  2.7872300000000000e-01
  1.0210000000000001e+01  4.4853999999999999e-01
  3.8380000000000001e+00  2.7823799999999999e-01
  7.4660000000000004e-01  1.5440000000000001e-02
  2.2480000000000000e-01 -2.8639999999999998e-03
l=0 n=9
  9.0460000000000000e+03 -1.5300000000000001e-04
  1.3570000000000000e+03 -1.2080000000000001e-03
  3.0930000000000001e+02 -5.9919999999999999e-03
  8.7730000000000004e+01 -2.4544000000000000e-02
  2.8559999999999999e+01 -6.7459000000000005e-02
  1.0210000000000001e+01 -1.5807800000000000e-01
  3.8380000000000001e+00 -1.2183099999999999e-01
  7.4660000000000004e-01  5.4900300000000002e-01
  2.2480000000000000e-01  5.7881499999999997e-01
l=0 n=1
  2.2480000000000000e-01  1.0000000000000000e+00
l=1 n=4
  1.3550000000000001e+01  3.9919000000000003e-02
  2.9169999999999998e+00  2.1716900000000000e-01
  7.9730000000000001e-01  5.1031899999999997e-01
  2.1850000000000000e-01  4.6221400000000001e-01
l=1 n=1
  2.1850000000000000e-01  1.0000000000000000e+00
l=2 n=1
  8.1699999999999995e-01  1.0000000000000000e+00
l=0 n=1
  6.2329999999999997e+00  1.0000000000000000e+00
l=1 n=1
  1.9977000000000000e+01  1.0000000000000000e+00
end=7
element=8
l=0 n=9
  1.1720000000000000e+04  7.1000000000000002e-04
  1.7590000000000000e+03  5.4700000000000000e-03
  4.0080000000000001e+02  2.7837000000000001e-02
  1.1370000000000000e+02  1.0480000000000000e-01
  3.7030000000000001e+01  2.8306199999999998e-01
  1.3270000000000000e+01  4.4871899999999998e-01
  5.0250000000000004e+00  2.7095200000000003e-01
  1.0129999999999999e+00  1.5458000000000000e-02
  3.0230000000000001e-01 -2.5850000000000001e-03
l=0 n=9
  1.1720000000000000e+04 -1.6000000000000001e-04
  1.7590000000000000e+03 -1.2630000000000000e-03
  4.0080000000000001e+02 -6.2670000000000000e-03
  1.1370000000000000e+02 -2.5715999999999999e-02
  3.7030000000000001e+01 -7.0924000000000001e-02
  1.3270000000000000e+01 -1.6541100000000000e-01
  5.0250000000000004e+00 -1.1695500000000000e-01
  1.0129999999999999e+00  5.5736799999999997e-01
  3.0230000000000001e-01  5.7275900000000002e-01
l=0 n=1
  3.0230000000000001e-01  1.0000000000000000e+00
l=1 n=4
  1.7699999999999999e+01  4.3018000000000001e-02
  3.8540000000000001e+00  2.2891300000000001e-01
  1.0460000000000000e+00  5.0872799999999996e-01
  2.7529999999999999e-01  4.6053100000000002e-01
l=1 n=1
  2.7529999999999999e-01  1.0000000000000000e+00
l=2 n=1
  1.1850000000000001e+00  1.0000000000000000e+00
l=0 n=1
  8.2149999999999999e+00  1.0000000000000000e+00
l=1 n=1
  2.6056000000000001e+01  1.0000000000000000e+00
end=8
element=9
l=0 n=9
  1.4710000000000000e+04  7.2099999999999996e-04
  2.2070000000000000e+03  5.5529999999999998e-03
  5.0280000000000001e+02  2.8267000000000000e-02
  1.4259999999999999e+02  1.0644400000000000e-01
  4.6469999999999999e+01  2.8681400000000001e-01
  1.6699999999999999e+01  4.4864100000000001e-01
  6.3559999999999999e+00  2.6476100000000002e-01
  1.3160000000000001e+00  1.5332999999999999e-02
  3.8969999999999999e-01 -2.3319999999999999e-03
l=0 n=9
  1.4710000000000000e+04 -1.6500000000000000e-04
  2.2070000000000000e+03 -1.3079999999999999e-03
  5.0280000000000001e+02 -6.4949999999999999e-03
  1.4259999999999999e+02 -2.6690999999999999e-02
  4.6469999999999999e+01 -7.3690000000000005e-02
  1.6699999999999999e+01 -1.7077600000000001e-01
  6.3559999999999999e+00 -1.1232700000000000e-01
  1.3160000000000001e+00  5.6281400000000004e-01
  3.8969999999999999e-01  5.6877800000000001e-01
l=0 n=1
  3.8969999999999999e-01  1.0000000000000000e+00
l=1 n=4
  2.2670000000000002e+01  4.4878000000000001e-02
  4.9770000000000003e+00  2.3571800000000001e-01
  1.3470000000000000e+00  5.0852100000000000e-01
  3.4710000000000002e-01  4.5812000000000003e-01
l=1 n=1
  3.4710000000000002e-01  1.0000000000000000e+00
l=2 n=1
  1.6399999999999999e+00  1.0000000000000000e+00
l=0 n=1
  1.0426000000000000e+01  1.0000000000000000e+00
l=1 n=1
  3.2829999999999998e+01  1.0000000000000000e+00
end=9
element=10
l=0 n=9
  1.7880000000000000e+04  7.3800000000000005e-04
  2.6830000000000000e+03  5.6769999999999998e-03
  6.1150000000000000e+02  2.8882999999999999e-02
  1.7350000000000000e+02  1.0854000000000000e-01
  5.6640000000000001e+01  2.9090700000000003e-01
  2.0420000000000002e+01  4.4832400000000000e-01
  7.8099999999999996e+00  2.5802599999999998e-01
  1.6530000000000000e+00  1.5063000000000000e-02
  4.8690000000000000e-01 -2.0999999999999999e-03
l=0 n=9
  1.7880000000000000e+04 -1.7200000000000001e-04
  2.6830000000000000e+03 -1.3569999999999999e-03
  6.1150000000000000e+02 -6.7369999999999999e-03
  1.7350000000000000e+02 -2.7663000000000000e-02
  5.6640000000000001e+01 -7.6207999999999998e-02
  2.0420000000000002e+01 -1.7522699999999999e-01
  7.8099999999999996e+00 -1.0703799999999999e-01
  1.6530000000000000e+00  5.6705000000000005e-01
  4.8690000000000000e-01  5.6521600000000005e-01
l=0 n=1
  4.8690000000000000e-01  1.0000000000000000e+00
l=1 n=4
  2.8390000000000001e+01  4.6087000000000003e-02
  6.2699999999999996e+00  2.4018100000000001e-01
  1.6950000000000001e+00  5.0874399999999997e-01
  4.3169999999999997e-01  4.5566000000000001e-01
l=1 n=1
  4.3169999999999997e-01  1.0000000000000000e+00
l=2 n=1
  2.2020000000000000e+00  1.0000000000000000e+00
l=0 n=1
  1.2853999999999999e+01  1.0000000000000000e+00
l=1 n=1
  4.0183999999999997e+01  1.0000000000000000e+00
end=10
element=11
l=0 n=12
  3.1700000000000000e+04  4.5887800000000002e-04
  4.7550000000000000e+03  3.5506999999999999e-03
  1.0820000000000000e+03  1.8261800000000002e-02
  3.0639999999999998e+02  7.1665000000000006e-02
  9.9530000000000001e+01  2.1234600000000001e-01
  3.5420000000000002e+01  4.1620299999999999e-01
  1.3300000000000001e+01  3.7302000000000002e-01
  4.3920000000000003e+00  6.2505400000000003e-02
  1.6759999999999999e+00 -6.2453200000000004e-03
  5.8889999999999998e-01  2.4337400000000002e-03
  5.6399999999999999e-02 -4.4238099999999999e-04
  2.3070000000000000e-02  2.4192400000000000e-04
l=0 n=12
  3.1700000000000000e+04 -1.1216200000000000e-04
  4.7550000000000000e+03 -8.6851199999999999e-04
  1.0820000000000000e+03 -4.5132999999999996e-03
  3.0639999999999998e+02 -1.8143599999999999e-02
  9.9530000000000001e+01 -5.8079899999999997e-02
  3.5420000000000002e+01 -1.3765300000000000e-01
  1.3300000000000001e+01 -1.9390800000000000e-01
  4.3920000000000003e+00  8.5800899999999999e-02
  1.6759999999999999e+00  6.0441900000000004e-01
  5.8889999999999998e-01  4.4171899999999997e-01
  5.6399999999999999e-02  1.3054700000000001e-02
  2.3070000000000000e-02 -5.6808500000000003e-03
l=0 n=12
  3.1700000000000000e+04  1.7016000000000001e-05
  4.7550000000000000e+03  1.3069300000000000e-04
  1.0820000000000000e+03  6.8778399999999999e-04
  3.0639999999999998e+02  2.7235900000000001e-03
  9.9530000000000001e+01  8.9552899999999994e-03
  3.5420000000000002e+01  2.0783200000000002e-02
  1.3300000000000001e+01  3.1938000000000001e-02
  4.3920000000000003e+00 -1.9136799999999999e-02
  1.6759999999999999e+00 -1.0259500000000001e-01
  5.8889999999999998e-01 -1.9894500000000001e-01
  5.6399999999999999e-02  6.5595199999999998e-01
  2.3070000000000000e-02  4.3115300000000001e-01
l=0 n=1
  2.3070000000000000e-02  1.0000000000000000e+00
l=1 n=8
  1.3809999999999999e+02  5.7964100000000001e-03
  3.2240000000000002e+01  4.1575599999999997e-02
  9.9849999999999994e+00  1.6287299999999999e-01
  3.4840000000000000e+00  3.5940100000000003e-01
  1.2310000000000001e+00  4.4998800000000000e-01
  4.1770000000000002e-01  2.2750699999999999e-01
  6.5129999999999993e-02  8.0824699999999996e-03
  2.0530000000000000e-02 -1.9629299999999999e-03
l=1 n=8
  1.3809999999999999e+02 -5.8153100000000004e-04
  3.2240000000000002e+01 -4.0730599999999999e-03
  9.9849999999999994e+00 -1.6793700000000002e-02
  3.4840000000000000e+00 -3.5326799999999998e-02
  1.2310000000000001e+00 -5.2197100000000003e-02
  4.1770000000000002e-01 -1.6835900000000001e-02
  6.5129999999999993e-02  4.3461300000000003e-01
  2.0530000000000000e-02  6.5821799999999997e-01
l=1 n=1
  2.0530000000000000e-02  1.0000000000000000e+00
l=2 n=1
  9.7299999999999998e-02  1.0000000000000000e+00
l=0 n=1
  7.0399999999999996e-01  1.0000000000000000e+00
l=1 n=1
  7.6100000000000001e-01  1.0000000000000000e+00
l=2 n=1
  2.9489999999999998e+00  1.0000000000000000e+00
end=11
element=12
l=0 n=12
  4.7390000000000000e+04  3.4602299999999999e-04
  7.1080000000000000e+03  2.6807699999999999e-03
  1.6180000000000000e+03  1.3836700000000000e-02
  4.5839999999999998e+02  5.5176700000000002e-02
  1.4930000000000001e+02  1.6966000000000001e-01
  5.3590000000000003e+01  3.6470300000000000e-01
  2.0699999999999999e+01  4.0685600000000000e-01
  8.3840000000000003e+00  1.3508899999999999e-01
  2.5419999999999998e+00  4.9088400000000003e-03
  8.7870000000000004e-01  2.8645999999999999e-04
  1.0770000000000000e-01  2.6458999999999999e-05
  3.9989999999999998e-02 -1.1270800000000001e-05
l=0 n=12
  4.7390000000000000e+04 -8.7783900000000005e-05
  7.1080000000000000e+03 -6.7472500000000004e-04
  1.6180000000000000e+03 -3.5560300000000000e-03
  4.5839999999999998e+02 -1.4215400000000000e-02
  1.4930000000000001e+02 -4.7674800000000003e-02
  5.3590000000000003e+01 -1.1489199999999999e-01
  2.0699999999999999e+01 -2.0067599999999999e-01
  8.3840000000000003e+00 -3.4122399999999997e-02
  2.5419999999999998e+00  5.7045400000000002e-01
  8.7870000000000004e-01  5.4230900000000004e-01
  1.0770000000000000e-01  2.1812800000000000e-02
  3.9989999999999998e-02 -8.2769999999999996e-03
l=0 n=12
  4.7390000000000000e+04  1.6962800000000000e-05
  7.1080000000000000e+03  1.2986500000000000e-04
  1.6180000000000000e+03  6.8883099999999999e-04
  4.5839999999999998e+02  2.7353299999999998e-03
  1.4930000000000001e+02  9.3122399999999994e-03
  5.3590000000000003e+01  2.2326499999999999e-02
  2.0699999999999999e+01  4.1119500000000003e-02
  8.3840000000000003e+00  5.4564200000000000e-03
  2.5419999999999998e+00 -1.3401199999999999e-01
  8.7870000000000004e-01 -2.5617600000000001e-01
  1.0770000000000000e-01  6.0585599999999995e-01
  3.9989999999999998e-02  5.0944599999999995e-01
l=0 n=1
  3.9989999999999998e-02  1.0000000000000000e+00
l=1 n=8
  1.7990000000000001e+02  5.3816100000000002e-03
  4.2140000000000001e+01  3.9241800000000000e-02
  1.3130000000000001e+01  1.5744500000000000e-01
  4.6280000000000001e+00  3.5853499999999999e-01
  1.6699999999999999e+00  4.5722600000000002e-01
  5.8570000000000000e-01  2.1591800000000000e-01
  1.3109999999999999e-01  6.6494800000000001e-03
  4.1119999999999997e-02 -1.2530399999999999e-04
l=1 n=8
  1.7990000000000001e+02 -8.6594799999999996e-04
  4.2140000000000001e+01 -6.1597800000000001e-03
  1.3130000000000001e+01 -2.6151899999999999e-02
  4.6280000000000001e+00 -5.7064700000000003e-02
  1.6699999999999999e+00 -8.7390599999999999e-02
  5.8570000000000000e-01 -1.2298999999999999e-02
  1.3109999999999999e-01  5.0208500000000000e-01
  4.1119999999999997e-02  5.9724500000000003e-01
l=1 n=1
  4.1119999999999997e-02  1.0000000000000000e+00
l=2 n=1
  1.8700000000000000e-01  1.0000000000000000e+00
l=0 n=1
  3.4220000000000002e+00  1.0000000000000000e+00
l=1 n=1
  8.2789999999999999e+00  1.0000000000000000e+00
l=2 n=1
  3.7040000000000002e+00  1.0000000000000000e+00
end=12
element=13
l=0 n=12
  6.4150000000000000e+04  2.9024999999999998e-04
  9.6170000000000000e+03  2.2506399999999999e-03
  2.1890000000000000e+03  1.1645900000000001e-02
  6.2050000000000000e+02  4.6737700000000000e-02
  2.0269999999999999e+02  1.4629900000000001e-01
  7.3150000000000006e+01  3.3028299999999999e-01
  2.8550000000000001e+01  4.1586099999999998e-01
  1.1770000000000000e+01  1.8925300000000000e-01
  3.2999999999999998e+00  1.1588899999999999e-02
  1.1730000000000000e+00 -1.2838500000000000e-03
  1.7519999999999999e-01  4.2588300000000000e-04
  6.4729999999999996e-02 -1.9928000000000000e-04
l=0 n=12
  6.4150000000000000e+04 -7.5804799999999996e-05
  9.6170000000000000e+03 -5.8179100000000001e-04
  2.1890000000000000e+03 -3.0811300000000001e-03
  6.2050000000000000e+02 -1.2311200000000000e-02
  2.0269999999999999e+02 -4.1978099999999997e-02
  7.3150000000000006e+01 -1.0337100000000000e-01
  2.8550000000000001e+01 -1.9630800000000001e-01
  1.1770000000000000e+01 -8.3000199999999996e-02
  3.2999999999999998e+00  5.4103999999999997e-01
  1.1730000000000000e+00  5.7879599999999998e-01
  1.7519999999999999e-01  2.8814699999999999e-02
  6.4729999999999996e-02 -9.5379499999999999e-03
l=0 n=12
  6.4150000000000000e+04  1.7507799999999999e-05
  9.6170000000000000e+03  1.3420800000000000e-04
  2.1890000000000000e+03  7.1244199999999998e-04
  6.2050000000000000e+02  2.8433000000000000e-03
  2.0269999999999999e+02  9.7684199999999999e-03
  7.3150000000000006e+01  2.4185000000000002e-02
  2.8550000000000001e+01  4.7499300000000001e-02
  1.1770000000000000e+01  2.0362100000000001e-02
  3.2999999999999998e+00 -1.5878800000000001e-01
  1.1730000000000000e+00 -3.1169400000000003e-01
  1.7519999999999999e-01  6.2014700000000000e-01
  6.4729999999999996e-02  5.2094300000000004e-01
l=0 n=1
  6.4729999999999996e-02  1.0000000000000000e+00
l=1 n=8
  2.5880000000000001e+02  4.0684700000000002e-03
  6.0890000000000001e+01  3.0681500000000000e-02
  1.9140000000000001e+01  1.2914900000000001e-01
  6.8810000000000002e+00  3.2083099999999998e-01
  2.5739999999999998e+00  4.5381500000000002e-01
  9.5720000000000005e-01  2.7506599999999998e-01
  2.0990000000000000e-01  1.9080699999999999e-02
  5.9859999999999997e-02 -3.1284799999999999e-03
l=1 n=8
  2.5880000000000001e+02 -7.4805300000000004e-04
  6.0890000000000001e+01 -5.4579600000000004e-03
  1.9140000000000001e+01 -2.4537099999999999e-02
  6.8810000000000002e+00 -5.8213800000000003e-02
  2.5739999999999998e+00 -9.8375599999999994e-02
  9.5720000000000005e-01 -2.6006399999999999e-02
  2.0990000000000000e-01  4.6401999999999999e-01
  5.9859999999999997e-02  6.4886999999999995e-01
l=1 n=1
  5.9859999999999997e-02  1.0000000000000000e+00
l=2 n=1
  1.8900000000000000e-01  1.0000000000000000e+00
l=0 n=1
  4.0300000000000002e+00  1.0000000000000000e+00
l=1 n=1
  1.5289999999999999e+00  1.0000000000000000e+00
l=2 n=1
  4.7249999999999996e+00  1.0000000000000000e+00
end=13
element=14
l=0 n=12
  7.8860000000000000e+04  2.7044299999999999e-04
  1.1820000000000000e+04  2.0971700000000002e-03
  2.6920000000000000e+03  1.0850600000000000e-02
  7.6339999999999998e+02  4.3675400000000003e-02
  2.4959999999999999e+02  1.3765300000000000e-01
  9.0280000000000001e+01  3.1664399999999998e-01
  3.5289999999999999e+01  4.1858099999999998e-01
  1.4510000000000000e+01  2.1021200000000001e-01
  4.0529999999999999e+00  1.4495200000000000e-02
  1.4820000000000000e+00 -2.0359000000000002e-03
  2.5169999999999998e-01  6.2418599999999999e-04
  9.2429999999999998e-02 -2.8287199999999998e-04
l=0 n=12
  7.8860000000000000e+04 -7.2317700000000000e-05
  1.1820000000000000e+04 -5.5511600000000003e-04
  2.6920000000000000e+03 -2.9380500000000002e-03
  7.6339999999999998e+02 -1.1768700000000000e-02
  2.4959999999999999e+02 -4.0290699999999999e-02
  9.0280000000000001e+01 -1.0060900000000000e-01
  3.5289999999999999e+01 -1.9652800000000001e-01
  1.4510000000000000e+01 -1.0238200000000000e-01
  4.0529999999999999e+00  5.2719000000000005e-01
  1.4820000000000000e+00  5.9325099999999997e-01
  2.5169999999999998e-01  3.3265200000000002e-02
  9.2429999999999998e-02 -9.7366199999999997e-03
l=0 n=12
  7.8860000000000000e+04  1.8511300000000000e-05
  1.1820000000000000e+04  1.4223600000000001e-04
  2.6920000000000000e+03  7.5218500000000005e-04
  7.6339999999999998e+02  3.0227900000000000e-03
  2.4959999999999999e+02  1.0367700000000001e-02
  9.0280000000000001e+01  2.6256300000000000e-02
  3.5289999999999999e+01  5.2398899999999998e-02
  1.4510000000000000e+01  2.9095900000000001e-02
  4.0529999999999999e+00 -1.7800299999999999e-01
  1.4820000000000000e+00 -3.4687400000000002e-01
  2.5169999999999998e-01  6.2302000000000002e-01
  9.2429999999999998e-02  5.3771199999999997e-01
l=0 n=1
  9.2429999999999998e-02  1.0000000000000000e+00
l=1 n=8
  3.1589999999999998e+02  3.9265599999999999e-03
  7.4420000000000002e+01  2.9881100000000001e-02
  2.3480000000000000e+01  1.2721199999999999e-01
  8.4879999999999995e+00  3.2094299999999998e-01
  3.2170000000000001e+00  4.5542899999999997e-01
  1.2290000000000001e+00  2.6856300000000000e-01
  2.9640000000000000e-01  1.8833599999999999e-02
  8.7679999999999994e-02 -2.6243099999999999e-03
l=1 n=8
  3.1589999999999998e+02 -8.5830200000000002e-04
  7.4420000000000002e+01 -6.3032799999999996e-03
  2.3480000000000000e+01 -2.8825500000000000e-02
  8.4879999999999995e+00 -6.9456000000000004e-02
  3.2170000000000001e+00 -1.1949300000000000e-01
  1.2290000000000001e+00 -1.9958099999999999e-02
  2.9640000000000000e-01  5.1026800000000005e-01
  8.7679999999999994e-02  6.0038199999999997e-01
l=1 n=1
  8.7679999999999994e-02  1.0000000000000000e+00
l=2 n=1
  2.7500000000000002e-01  1.0000000000000000e+00
l=0 n=1
  4.9589999999999996e+00  1.0000000000000000e+00
l=1 n=1
  1.9980000000000000e+00  1.0000000000000000e+00
l=2 n=1
  5.8060000000000000e+00  1.0000000000000000e+00
end=14
element=15
l=0 n=12
  9.4840000000000000e+04  2.5550900000000001e-04
  1.4220000000000000e+04  1.9819299999999998e-03
  3.2360000000000000e+03  1.0276000000000000e-02
  9.1710000000000002e+02  4.1482300000000000e-02
  2.9950000000000000e+02  1.3198399999999999e-01
  1.0809999999999999e+02  3.0866199999999999e-01
  4.2180000000000000e+01  4.2064699999999999e-01
  1.7280000000000001e+01  2.2287799999999999e-01
  4.8579999999999997e+00  1.6403500000000001e-02
  1.8180000000000001e+00 -2.5425500000000002e-03
  3.3720000000000000e-01  7.4805000000000000e-04
  1.2320000000000000e-01 -3.3096299999999998e-04
l=0 n=12
  9.4840000000000000e+04 -6.9693899999999994e-05
  1.4220000000000000e+04 -5.3526599999999995e-04
  3.2360000000000000e+03 -2.8370900000000000e-03
  9.1710000000000002e+02 -1.1398300000000000e-02
  2.9950000000000000e+02 -3.9292899999999999e-02
  1.0809999999999999e+02 -9.9636400000000000e-02
  4.2180000000000000e+01 -1.9798299999999999e-01
  1.7280000000000001e+01 -1.1486000000000000e-01
  4.8579999999999997e+00  5.1859500000000003e-01
  1.8180000000000001e+00  6.0184700000000002e-01
  3.3720000000000000e-01  3.6861199999999997e-02
  1.2320000000000000e-01 -9.7075900000000003e-03
l=0 n=12
  9.4840000000000000e+04  1.9119900000000000e-05
  1.4220000000000000e+04  1.4722300000000001e-04
  3.2360000000000000e+03  7.7791199999999996e-04
  9.1710000000000002e+02  3.1454600000000001e-03
  2.9950000000000000e+02  1.0820000000000000e-02
  1.0809999999999999e+02  2.7995699999999998e-02
  4.2180000000000000e+01  5.6397799999999998e-02
  1.7280000000000001e+01  3.5818999999999997e-02
  4.8579999999999997e+00 -1.9338700000000000e-01
  1.8180000000000001e+00 -3.7209700000000001e-01
  3.3720000000000000e-01  6.2424599999999997e-01
  1.2320000000000000e-01  5.5172100000000002e-01
l=0 n=1
  1.2320000000000000e-01  1.0000000000000000e+00
l=1 n=8
  3.7050000000000000e+02  3.9500500000000001e-03
  8.7329999999999998e+01  3.0249200000000000e-02
  2.7590000000000000e+01  1.2955400000000000e-01
  1.0000000000000000e+01  3.2759400000000000e-01
  3.8250000000000002e+00  4.5699200000000001e-01
  1.4940000000000000e+00  2.5308599999999998e-01
  3.9210000000000000e-01  1.6879800000000000e-02
  1.1860000000000000e-01 -2.0709299999999999e-03
l=1 n=8
  3.7050000000000000e+02 -9.5983199999999998e-04
  8.7329999999999998e+01 -7.1117699999999999e-03
  2.7590000000000000e+01 -3.2712199999999997e-02
  1.0000000000000000e+01 -7.9578399999999994e-02
  3.8250000000000002e+00 -1.3501600000000000e-01
  1.4940000000000000e+00 -9.1058500000000004e-03
  3.9210000000000000e-01  5.3780200000000000e-01
  1.1860000000000000e-01  5.6906599999999996e-01
l=1 n=1
  1.1860000000000000e-01  1.0000000000000000e+00
l=2 n=1
  3.7300000000000000e-01  1.0000000000000000e+00
l=0 n=1
  5.9770000000000003e+00  1.0000000000000000e+00
l=1 n=1
  2.5240000000000000e+00  1.0000000000000000e+00
l=2 n=1
  7.0199999999999996e+00  1.0000000000000000e+00
end=15
element=16
l=0 n=12
  1.1080000000000000e+05  2.4763500000000001e-04
  1.6610000000000000e+04  1.9202600000000000e-03
  3.7810000000000000e+03  9.9619200000000008e-03
  1.0710000000000000e+03  4.0297500000000000e-02
  3.4980000000000001e+02  1.2860400000000000e-01
  1.2630000000000000e+02  3.0348000000000003e-01
  4.9259999999999998e+01  4.2143199999999997e-01
  2.0160000000000000e+01  2.3078099999999999e-01
  5.7199999999999998e+00  1.7897099999999999e-02
  2.1819999999999999e+00 -2.9751600000000001e-03
  4.3269999999999997e-01  8.4952200000000002e-04
  1.5700000000000000e-01 -3.6793600000000002e-04
l=0 n=12
  1.1080000000000000e+05 -6.8703900000000005e-05
  1.6610000000000000e+04 -5.2768100000000001e-04
  3.7810000000000000e+03 -2.7967100000000000e-03
  1.0710000000000000e+03 -1.1265100000000000e-02
  3.4980000000000001e+02 -3.8883399999999999e-02
  1.2630000000000000e+02 -9.9502499999999994e-02
  4.9259999999999998e+01 -1.9974000000000000e-01
  2.0160000000000000e+01 -1.2336000000000000e-01
  5.7199999999999998e+00  5.1319400000000004e-01
  2.1819999999999999e+00  6.0711999999999999e-01
  4.3269999999999997e-01  3.9675299999999997e-02
  1.5700000000000000e-01 -9.4686400000000004e-03
l=0 n=12
  1.1080000000000000e+05  1.9907699999999999e-05
  1.6610000000000000e+04  1.5348299999999999e-04
  3.7810000000000000e+03  8.0950300000000005e-04
  1.0710000000000000e+03  3.2897400000000002e-03
  3.4980000000000001e+02  1.1296700000000000e-02
  1.2630000000000000e+02  2.9638500000000002e-02
  4.9259999999999998e+01  5.9985100000000000e-02
  2.0160000000000000e+01  4.1324800000000002e-02
  5.7199999999999998e+00 -2.0747399999999999e-01
  2.1819999999999999e+00 -3.9288899999999999e-01
  4.3269999999999997e-01  6.3283999999999996e-01
  1.5700000000000000e-01  5.5692399999999997e-01
l=0 n=1
  1.5700000000000000e-01  1.0000000000000000e+00
l=1 n=8
  3.9969999999999999e+02  4.4754100000000000e-03
  9.4189999999999998e+01  3.4170800000000001e-02
  2.9750000000000000e+01  1.4424999999999999e-01
  1.0770000000000000e+01  3.5392800000000002e-01
  4.1189999999999998e+00  4.5908500000000002e-01
  1.6250000000000000e+00  2.0638300000000001e-01
  4.7260000000000002e-01  1.0214100000000000e-02
  1.4069999999999999e-01 -6.0312200000000002e-05
l=1 n=8
  3.9969999999999999e+02 -1.1625100000000001e-03
  9.4189999999999998e+01 -8.6566400000000002e-03
  2.9750000000000000e+01 -3.9088600000000001e-02
  1.0770000000000000e+01 -9.3462500000000004e-02
  4.1189999999999998e+00 -1.4799399999999999e-01
  1.6250000000000000e+00  3.0190399999999999e-02
  4.7260000000000002e-01  5.6157299999999999e-01
  1.4069999999999999e-01  5.3477600000000003e-01
l=1 n=1
  1.4069999999999999e-01  1.0000000000000000e+00
l=2 n=1
  4.7899999999999998e-01  1.0000000000000000e+00
l=0 n=1
  7.0830000000000002e+00  1.0000000000000000e+00
l=1 n=1
  3.0890000000000000e+00  1.0000000000000000e+00
l=2 n=1
  8.3629999999999995e+00  1.0000000000000000e+00
end=16
element=17
l=0 n=12
  1.2790000000000000e+05  2.4115300000000000e-04
  1.9170000000000000e+04  1.8709499999999999e-03
  4.3630000000000000e+03  9.7082699999999997e-03
  1.2360000000000000e+03  3.9315299999999997e-02
  4.0360000000000002e+02  1.2593199999999999e-01
  1.4569999999999999e+02  2.9934100000000002e-01
  5.6810000000000002e+01  4.2188599999999998e-01
  2.3230000000000000e+01  2.3720100000000000e-01
  6.6440000000000001e+00  1.9153099999999999e-02
  2.5750000000000002e+00 -3.3479199999999999e-03
  5.3710000000000002e-01  9.2988299999999995e-04
  1.9380000000000000e-01 -3.9637899999999998e-04
l=0 n=12
  1.2790000000000000e+05 -6.7892199999999993e-05
  1.9170000000000000e+04 -5.2183600000000002e-04
  4.3630000000000000e+03 -2.7651300000000002e-03
  1.2360000000000000e+03 -1.1153700000000001e-02
  4.0360000000000002e+02 -3.8591899999999998e-02
  1.4569999999999999e+02 -9.9484799999999998e-02
  5.6810000000000002e+01 -2.0139199999999999e-01
  2.3230000000000000e+01 -1.3031300000000001e-01
  6.6440000000000001e+00  5.0944299999999998e-01
  2.5750000000000002e+00  6.1072499999999996e-01
  5.3710000000000002e-01  4.2154900000000002e-02
  1.9380000000000000e-01 -9.2342699999999993e-03
l=0 n=12
  1.2790000000000000e+05  2.0498600000000001e-05
  1.9170000000000000e+04  1.5829799999999999e-04
  4.3630000000000000e+03  8.3363899999999995e-04
  1.2360000000000000e+03  3.3988000000000000e-03
  4.0360000000000002e+02  1.1673800000000000e-02
  1.4569999999999999e+02  3.0962199999999999e-02
  5.6810000000000002e+01  6.2953300000000004e-02
  2.3230000000000000e+01  4.6025700000000003e-02
  6.6440000000000001e+00 -2.1931200000000001e-01
  2.5750000000000002e+00 -4.0877300000000000e-01
  5.3710000000000002e-01  6.3846499999999995e-01
  1.9380000000000000e-01  5.6236200000000003e-01
l=0 n=1
  1.9380000000000000e-01  1.0000000000000000e+00
l=1 n=8
  4.1760000000000002e+02  5.2598200000000001e-03
  9.8329999999999998e+01  3.9833199999999999e-02
  3.1039999999999999e+01  1.6465500000000000e-01
  1.1190000000000000e+01  3.8732200000000000e-01
  4.2489999999999997e+00  4.5707199999999998e-01
  1.6240000000000001e+00  1.5163599999999999e-01
  5.3220000000000001e-01  1.8161500000000001e-03
  1.6200000000000001e-01  1.8829599999999999e-03
l=1 n=8
  4.1760000000000002e+02 -1.4357000000000000e-03
  9.8329999999999998e+01 -1.0779600000000000e-02
  3.1039999999999999e+01 -4.7007500000000001e-02
  1.1190000000000000e+01 -1.1103000000000000e-01
  4.2489999999999997e+00 -1.5327499999999999e-01
  1.6240000000000001e+00  8.9460899999999996e-02
  5.3220000000000001e-01  5.7944399999999996e-01
  1.6200000000000001e-01  4.8327199999999998e-01
l=1 n=1
  1.6200000000000001e-01  1.0000000000000000e+00
l=2 n=1
  5.9999999999999998e-01  1.0000000000000000e+00
l=0 n=1
  8.2729999999999997e+00  1.0000000000000000e+00
l=1 n=1
  3.6970000000000001e+00  1.0000000000000000e+00
l=2 n=1
  9.8439999999999994e+00  1.0000000000000000e+00
end=17
element=18
l=0 n=12
  1.4570000000000000e+05  2.3670000000000001e-04
  2.1840000000000000e+04  1.8352300000000000e-03
  4.9720000000000000e+03  9.5285999999999999e-03
  1.4080000000000000e+03  3.8628299999999997e-02
  4.5969999999999999e+02  1.2408100000000000e-01
  1.6590000000000001e+02  2.9647099999999998e-01
  6.4689999999999998e+01  4.2206800000000000e-01
  2.6440000000000001e+01  2.4171100000000001e-01
  7.6280000000000001e+00  2.0050900000000000e-02
  2.9960000000000000e+00 -3.6099999999999999e-03
  6.5039999999999998e-01  9.7560699999999997e-04
  2.3369999999999999e-01 -4.1131600000000000e-04
l=0 n=12
  1.4570000000000000e+05 -6.7490999999999995e-05
  2.1840000000000000e+04 -5.1852199999999999e-04
  4.9720000000000000e+03 -2.7482499999999998e-03
  1.4080000000000000e+03 -1.1100700000000000e-02
  4.5969999999999999e+02 -3.8482000000000002e-02
  1.6590000000000001e+02 -9.9759899999999999e-02
  6.4689999999999998e+01 -2.0308799999999999e-01
  2.6440000000000001e+01 -1.3560800000000001e-01
  7.6280000000000001e+00  5.0719499999999995e-01
  2.9960000000000000e+00  6.1289800000000005e-01
  6.5039999999999998e-01  4.4296799999999997e-02
  2.3369999999999999e-01 -8.9927800000000006e-03
l=0 n=12
  1.4570000000000000e+05  2.1045700000000001e-05
  2.1840000000000000e+04  1.6256500000000001e-04
  4.9720000000000000e+03  8.5546299999999999e-04
  1.4080000000000000e+03  3.4974500000000000e-03
  4.5969999999999999e+02  1.2015600000000000e-02
  1.6590000000000001e+02  3.2136800000000000e-02
  6.4689999999999998e+01  6.5527900000000000e-02
  2.6440000000000001e+01  4.9937000000000002e-02
  7.6280000000000001e+00 -2.2976900000000000e-01
  2.9960000000000000e+00 -4.2100599999999999e-01
  6.5039999999999998e-01  6.4233099999999999e-01
  2.3369999999999999e-01  5.6754000000000004e-01
l=0 n=1
  2.3369999999999999e-01  1.0000000000000000e+00
l=1 n=8
  4.5369999999999999e+02  5.7055500000000002e-03
  1.0680000000000000e+02  4.3046000000000001e-02
  3.3729999999999997e+01  1.7659100000000000e-01
  1.2130000000000001e+01  4.0686299999999997e-01
  4.5940000000000003e+00  4.5254899999999998e-01
  1.6779999999999999e+00  1.2280099999999999e-01
  5.9089999999999998e-01 -4.4599599999999998e-03
  1.8520000000000000e-01  2.0522499999999998e-03
l=1 n=8
  4.5369999999999999e+02 -1.6065500000000000e-03
  1.0680000000000000e+02 -1.2171400000000001e-02
  3.3729999999999997e+01 -5.2078899999999997e-02
  1.2130000000000001e+01 -1.2373700000000000e-01
  4.5940000000000003e+00 -1.5161900000000000e-01
  1.6779999999999999e+00  1.4242500000000000e-01
  5.9089999999999998e-01  5.8450100000000005e-01
  1.8520000000000000e-01  4.3753999999999998e-01
l=1 n=1
  1.8520000000000000e-01  1.0000000000000000e+00
l=2 n=1
  7.3799999999999999e-01  1.0000000000000000e+00
l=0 n=1
  9.5480000000000000e+00  1.0000000000000000e+00
l=1 n=1
  4.3609999999999998e+00  1.0000000000000000e+00
l=2 n=1
  1.1459000000000000e+01  1.0000000000000000e+00
end=18
element=20
l=0 n=14
  1.9000070000000001e+05  2.2144999999999999e-04
  2.8481459999999999e+04  1.7183000000000001e-03
  6.4827010000000000e+03  8.9234799999999993e-03
  1.8358910000000001e+03  3.6301830000000000e-02
  5.9872429999999997e+02  1.1762222999999999e-01
  2.1588409999999999e+02  2.8604352000000000e-01
  8.4012420000000006e+01  4.2260708000000002e-01
  3.4224879999999999e+01  2.5774365999999999e-01
  1.0024970000000000e+01  2.3918930000000001e-02
  4.0559200000000004e+00 -4.9521799999999996e-03
  1.0202610000000001e+00  1.7177900000000001e-03
  4.2686499999999999e-01 -8.9209000000000001e-04
  6.3347000000000001e-02  2.4509999999999999e-04
  2.6301000000000001e-02 -1.2395000000000000e-04
l=0 n=14
  1.9000070000000001e+05 -6.4529999999999994e-05
  2.8481459999999999e+04 -4.9662000000000003e-04
  6.4827010000000000e+03 -2.6282599999999999e-03
  1.8358910000000001e+03 -1.0668449999999999e-02
  5.9872429999999997e+02 -3.7135090000000003e-02
  2.1588409999999999e+02 -9.8042840000000006e-02
  8.4012420000000006e+01 -2.0342692000000001e-01
  3.4224879999999999e+01 -1.5244654999999999e-01
  1.0024970000000000e+01  4.8279406000000002e-01
  4.0559200000000004e+00  6.2923839000000004e-01
  1.0202610000000001e+00  6.1648420000000002e-02
  4.2686499999999999e-01 -1.4799710000000001e-02
  6.3347000000000001e-02  3.6108899999999998e-03
  2.6301000000000001e-02 -1.7927300000000000e-03
l=0 n=14
  1.9000070000000001e+05  2.2229999999999999e-05
  2.8481459999999999e+04  1.7170000000000000e-04
  6.4827010000000000e+03  9.0452000000000002e-04
  1.8358910000000001e+03  3.7034300000000002e-03
  5.9872429999999997e+02  1.2837500000000000e-02
  2.1588409999999999e+02  3.4754590000000002e-02
  8.4012420000000006e+01  7.3034909999999995e-02
  3.4224879999999999e+01  6.1000829999999999e-02
  1.0024970000000000e+01 -2.4292928000000000e-01
  4.0559200000000004e+00 -4.8708499999999999e-01
  1.0202610000000001e+00  5.6502803999999995e-01
  4.2686499999999999e-01  6.5574385999999996e-01
  6.3347000000000001e-02  2.6728940000000000e-02
  2.6301000000000001e-02 -9.9995899999999992e-03
l=0 n=14
  1.9000070000000001e+05  5.3100000000000000e-06
  2.8481459999999999e+04  4.1109999999999998e-05
  6.4827010000000000e+03  2.1567999999999999e-04
  1.8358910000000001e+03  8.8827000000000003e-04
  5.9872429999999997e+02  3.0581300000000000e-03
  2.1588409999999999e+02  8.3760799999999993e-03
  8.4012420000000006e+01  1.7410559999999999e-02
  3.4224879999999999e+01  1.5154529999999999e-02
  1.0024970000000000e+01 -6.2079189999999999e-02
  4.0559200000000004e+00 -1.2611802999999999e-01
  1.0202610000000001e+00  1.7360693999999999e-01
  4.2686499999999999e-01  3.7822942999999998e-01
  6.3347000000000001e-02 -6.5964697999999999e-01
  2.6301000000000001e-02 -4.9022158999999998e-01
l=0 n=1
  2.6301000000000001e-02  1.0000000000000000e+00
l=1 n=11
  1.0720429999999999e+03  1.9816600000000001e-03
  2.5384389999999999e+02  1.6129439999999998e-02
  8.1316260000000000e+01  7.6578510000000002e-02
  3.0241830000000000e+01  2.3269593999999999e-01
  1.2101100000000001e+01  4.2445210000000000e-01
  5.0225540000000004e+00  3.7326401999999997e-01
  1.9092199999999999e+00  7.8685300000000000e-02
  7.7130399999999999e-01 -5.9992700000000001e-03
  3.0057000000000000e-01  2.6425699999999999e-03
  7.6648999999999995e-02 -8.5694000000000005e-04
  2.7772000000000002e-02  3.3147000000000000e-04
l=1 n=11
  1.0720429999999999e+03 -6.4891000000000005e-04
  2.5384389999999999e+02 -5.2790700000000003e-03
  8.1316260000000000e+01 -2.5811310000000001e-02
  3.0241830000000000e+01 -8.0628920000000007e-02
  1.2101100000000001e+01 -1.5846552000000000e-01
  5.0225540000000004e+00 -1.2816816000000000e-01
  1.9092199999999999e+00  2.5610103000000001e-01
  7.7130399999999999e-01  5.8724067999999996e-01
  3.0057000000000000e-01  3.0372560999999998e-01
  7.6648999999999995e-02  1.4164510000000000e-02
  2.7772000000000002e-02 -1.1522399999999999e-03
l=1 n=11
  1.0720429999999999e+03  1.3595000000000000e-04
  2.5384389999999999e+02  1.0942000000000000e-03
  8.1316260000000000e+01  5.4267999999999999e-03
  3.0241830000000000e+01  1.6747180000000000e-02
  1.2101100000000001e+01  3.3898629999999999e-02
  5.0225540000000004e+00  2.5311830000000000e-02
  1.9092199999999999e+00 -5.8957130000000003e-02
  7.7130399999999999e-01 -1.5876119999999999e-01
  3.0057000000000000e-01 -8.5545230000000000e-02
  7.6648999999999995e-02  5.4464665000000001e-01
  2.7772000000000002e-02  5.6631275999999997e-01
l=1 n=1
  2.7772000000000002e-02  1.0000000000000000e+00
l=2 n=5
  1.0318199999999999e+01  3.2849000000000003e-02
  2.5924200000000002e+00  1.4819199999999999e-01
  7.6170000000000004e-01  3.1092100000000000e-01
  2.0838000000000001e-01  4.5219500000000001e-01
  5.3699999999999998e-02  4.8086499999999999e-01
l=2 n=1
  5.3699999999999998e-02  1.0000000000000000e+00
l=0 n=1
  1.1143000000000001e+00  1.0000000000000000e+00
l=1 n=1
  1.5101000000000000e+00  1.0000000000000000e+00
l=2 n=1
  1.3743000000000001e+00  1.0000000000000000e+00
end=20
