element=1
l=0 n=3
  1.3010000000000000e+01  1.9685000000000001e-02
  1.9620000000000000e+00  1.3797699999999999e-01
  4.4460000000000000e-01  4.7814800000000002e-01
l=0 n=1
  1.2200000000000000e-01  1.0000000000000000e+00
l=1 n=1
  7.2699999999999998e-01  1.0000000000000000e+00
end=1
element=2
l=0 n=3
  3.8359999999999999e+01  2.3809000000000000e-02
  5.7699999999999996e+00  1.5489100000000000e-01
  1.2400000000000000e+00  4.6998699999999999e-01
l=0 n=1
  2.9759999999999998e-01  5.1302700000000001e-01
l=1 n=1
  1.2749999999999999e+00  1.0000000000000000e+00
end=2
element=3
l=0 n=7
  1.4690000000000000e+03  7.6597999999999998e-04
  2.2050000000000000e+02  5.8918599999999996e-03
  5.0259999999999998e+01  2.9671010000000001e-02
  1.4240000000000000e+01  1.0918727000000000e-01
  4.5810000000000004e+00  2.8286031000000000e-01
  1.5800000000000001e+00  4.5353575000000002e-01
  5.6399999999999995e-01  2.7634597000000000e-01
l=0 n=7
  1.4690000000000000e+03  1.0499999999999999e-06
  2.2050000000000000e+02  8.1300000000000001e-06
  1.4240000000000000e+01 -4.2795000000000002e-04
  4.5810000000000004e+00 -4.2119799999999997e-03
  1.5800000000000001e+00 -2.4400570000000000e-02
  5.6399999999999995e-01 -9.2956609999999995e-02
  7.3450000000000001e-02  5.7664294999999999e-01
l=0 n=1
  2.8049999999999999e-02  1.0000000000000000e+00
l=1 n=3
  1.5340000000000000e+00  2.2783999999999999e-02
  2.7489999999999998e-01  1.3910700000000001e-01
  7.3620000000000005e-02  5.0037500000000001e-01
l=1 n=1
  2.4029999999999999e-02  1.0000000000000000e+00
l=2 n=1
  1.2390000000000000e-01  1.0000000000000000e+00
end=3
element=4
l=0 n=7
  2.9400000000000000e+03  6.7999000000000000e-04
  4.4119999999999999e+02  5.2363599999999998e-03
  1.0050000000000000e+02  2.6606000000000001e-02
  2.8430000000000000e+01  1.0002032000000000e-01
  9.1690000000000005e+00  2.6980369999999998e-01
  3.1960000000000002e+00  4.5238388000000002e-01
  1.1590000000000000e+00  2.9695961999999998e-01
l=0 n=7
  2.9400000000000000e+03  4.7000000000000000e-07
  4.4119999999999999e+02 -1.5270000000000001e-05
  2.8430000000000000e+01 -1.1577099999999999e-03
  9.1690000000000005e+00 -4.3087000000000004e-03
  3.1960000000000002e+00 -3.8747249999999997e-02
  1.1590000000000000e+00 -7.9856750000000004e-02
  1.8110000000000001e-01  5.3305239000000004e-01
l=0 n=1
  5.8900000000000001e-02  1.0000000000000000e+00
l=1 n=3
  3.6190000000000002e+00  2.9111000000000001e-02
  7.1099999999999997e-01  1.6936499999999999e-01
  1.9510000000000000e-01  5.1345799999999997e-01
l=1 n=1
  6.0179999999999997e-02  1.0000000000000000e+00
l=2 n=1
  2.3799999999999999e-01  1.0000000000000000e+00
end=4
element=5
l=0 n=7
  4.5700000000000000e+03  6.9598000000000001e-04
  6.8589999999999998e+02  5.3536100000000000e-03
  1.5650000000000000e+02  2.7134010000000000e-02
  4.4469999999999999e+01  1.0142163000000000e-01
  1.4480000000000000e+01  2.7219149999999998e-01
  5.1310000000000002e+00  4.4969078000000001e-01
  1.8979999999999999e+00  2.9205783000000002e-01
l=0 n=7
  4.5700000000000000e+03  6.4000000000000001e-07
  6.8589999999999998e+02 -2.3010000000000002e-05
  4.4469999999999999e+01 -1.5757400000000000e-03
  1.4480000000000000e+01 -5.1675400000000000e-03
  5.1310000000000002e+00 -4.8767140000000000e-02
  1.8979999999999999e+00 -7.3273469999999993e-02
  3.3289999999999997e-01  5.4239928000000004e-01
l=0 n=1
  1.0430000000000000e-01  1.0000000000000000e+00
l=1 n=3
  6.0010000000000003e+00  3.5480999999999999e-02
  1.2410000000000001e+00  1.9807200000000000e-01
  3.3639999999999998e-01  5.0522999999999996e-01
l=1 n=1
  9.5380000000000006e-02  1.0000000000000000e+00
l=2 n=1
  3.4300000000000003e-01  1.0000000000000000e+00
end=5
element=6
l=0 n=7
  6.6650000000000000e+03  6.9198999999999997e-04
  1.0000000000000000e+03  5.3297600000000002e-03
  2.2800000000000000e+02  2.7077000000000000e-02
  6.4709999999999994e+01  1.0176813000000000e-01
  2.1059999999999999e+01  2.7490284999999998e-01
  7.4950000000000001e+00  4.5009459000000002e-01
  2.7970000000000002e+00  2.8693344999999998e-01
l=0 n=7
  6.6650000000000000e+03  3.1000000000000000e-07
  1.0000000000000000e+03 -2.7270000000000001e-05
  6.4709999999999994e+01 -1.8053500000000001e-03
  2.1059999999999999e+01 -5.8656100000000003e-03
  7.4950000000000001e+00 -5.5139309999999997e-02
  2.7970000000000002e+00 -6.6987660000000004e-02
  5.2149999999999996e-01  5.4774376000000002e-01
l=0 n=1
  1.5959999999999999e-01  1.0000000000000000e+00
l=1 n=3
  9.4390000000000001e+00  3.8108999999999997e-02
  2.0019999999999998e+00  2.0948000000000000e-01
  5.4559999999999997e-01  5.0855700000000004e-01
l=1 n=1
  1.5170000000000000e-01  1.0000000000000000e+00
l=2 n=1
  5.5000000000000004e-01  1.0000000000000000e+00
end=6
element=7
l=0 n=7
  9.0460000000000000e+03  6.9999999999999999e-04
  1.3570000000000000e+03  5.3898300000000000e-03
  3.0930000000000001e+02  2.7406000000000000e-02
  8.7730000000000004e+01  1.0326232000000000e-01
  2.8559999999999999e+01  2.7890524000000000e-01
  1.0210000000000001e+01  4.5021739999999999e-01
  3.8380000000000001e+00  2.7994300000000000e-01
l=0 n=7
  9.0460000000000000e+03  4.9999999999999998e-08
  1.3570000000000000e+03 -2.9760000000000000e-05
  8.7730000000000004e+01 -1.9789999999999999e-03
  2.8559999999999999e+01 -6.5194900000000002e-03
  1.0210000000000001e+01 -6.0010000000000001e-02
  3.8380000000000001e+00 -6.0997530000000001e-02
  7.4660000000000004e-01  5.5237875000000003e-01
l=0 n=1
  2.2480000000000000e-01  1.0000000000000000e+00
l=1 n=3
  1.3550000000000001e+01  3.9919000000000003e-02
  2.9169999999999998e+00  2.1716900000000000e-01
  7.9730000000000001e-01  5.1031899999999997e-01
l=1 n=1
  2.1850000000000000e-01  1.0000000000000000e+00
l=2 n=1
  8.1699999999999995e-01  1.0000000000000000e+00
end=7
element=8
l=0 n=7
  1.1720000000000000e+04  7.1000000000000002e-04
  1.7590000000000000e+03  5.4708700000000001e-03
  4.0080000000000001e+02  2.7837000000000001e-02
  1.1370000000000000e+02  1.0485851000000000e-01
  3.7030000000000001e+01  2.8326043000000001e-01
  1.3270000000000000e+01  4.5049379000000001e-01
  5.0250000000000004e+00  2.7249426999999998e-01
l=0 n=7
  1.1720000000000000e+04 -1.6000000000000000e-07
  1.7590000000000000e+03 -3.1529999999999998e-05
  1.1370000000000000e+02 -2.1221600000000001e-03
  3.7030000000000001e+01 -7.1976799999999997e-03
  1.3270000000000000e+01 -6.4389989999999994e-02
  5.0250000000000004e+00 -5.5955030000000003e-02
  1.0129999999999999e+00  5.6084811999999995e-01
l=0 n=1
  3.0230000000000001e-01  1.0000000000000000e+00
l=1 n=3
  1.7699999999999999e+01  4.3018000000000001e-02
  3.8540000000000001e+00  2.2891300000000001e-01
  1.0460000000000000e+00  5.0872799999999996e-01
l=1 n=1
  2.7529999999999999e-01  1.0000000000000000e+00
l=2 n=1
  1.1850000000000001e+00  1.0000000000000000e+00
end=8
element=9
l=0 n=7
  1.4710000000000000e+04  7.2097999999999997e-04
  2.2070000000000000e+03  5.5538699999999998e-03
  5.0280000000000001e+02  2.8267009999999999e-02
  1.4259999999999999e+02  1.0650448000000000e-01
  4.6469999999999999e+01  2.8702491000000002e-01
  1.6699999999999999e+01  4.5047375000000001e-01
  6.3559999999999999e+00  2.6615515000000001e-01
l=0 n=7
  1.4710000000000000e+04  6.7000000000000004e-07
  2.2070000000000000e+03 -3.2070000000000003e-05
  1.4259999999999999e+02 -2.2330200000000001e-03
  4.6469999999999999e+01 -7.7878200000000000e-03
  1.6699999999999999e+01 -6.7690330000000007e-02
  6.3559999999999999e+00 -5.1492030000000001e-02
  1.3160000000000001e+00  5.6633730000000004e-01
l=0 n=1
  3.8969999999999999e-01  1.0000000000000000e+00
l=1 n=3
  2.2670000000000002e+01  4.4878000000000001e-02
  4.9770000000000003e+00  2.3571800000000001e-01
  1.3470000000000000e+00  5.0852100000000000e-01
l=1 n=1
  3.4710000000000002e-01  1.0000000000000000e+00
l=2 n=1
  1.6399999999999999e+00  1.0000000000000000e+00
end=9
element=10
l=0 n=7
  1.7880000000000000e+04  7.3800000000000005e-04
  2.6830000000000000e+03  5.6778699999999998e-03
  6.1150000000000000e+02  2.8882999999999999e-02
  1.7350000000000000e+02  1.0860195000000000e-01
  5.6640000000000001e+01  2.9112758000000000e-01
  2.0420000000000002e+01  4.5018936999999998e-01
  7.8099999999999996e+00  2.5926296999999998e-01
l=0 n=7
  1.7880000000000000e+04  1.4000000000000001e-07
  2.6830000000000000e+03 -3.2830000000000002e-05
  1.7350000000000000e+02 -2.3458900000000002e-03
  5.6640000000000001e+01 -8.3535399999999996e-03
  2.0420000000000002e+01 -7.0654800000000004e-02
  7.8099999999999996e+00 -4.6853079999999998e-02
  1.6530000000000000e+00  5.7056346999999996e-01
l=0 n=1
  4.8690000000000000e-01  1.0000000000000000e+00
l=1 n=3
  2.8390000000000001e+01  4.6087000000000003e-02
  6.2699999999999996e+00  2.4018100000000001e-01
  1.6950000000000001e+00  5.0874399999999997e-01
l=1 n=1
  4.3169999999999997e-01  1.0000000000000000e+00
l=2 n=1
  2.2020000000000000e+00  1.0000000000000000e+00
end=10
element=11
l=0 n=9
  3.1700000000000000e+04  4.5886000000000001e-04
  4.7550000000000000e+03  3.5505400000000000e-03
  1.0820000000000000e+03  1.8261230000000000e-02
  3.0639999999999998e+02  7.1665000000000006e-02
  9.9530000000000001e+01  2.1236896000000000e-01
  3.5420000000000002e+01  4.1637321999999999e-01
  1.3300000000000001e+01  3.7354636000000002e-01
  4.3920000000000003e+00  6.1965050000000001e-02
  1.6759999999999999e+00 -9.4310699999999997e-03
l=0 n=9
  3.1700000000000000e+04  4.0099999999999997e-06
  4.7550000000000000e+03  3.0389999999999999e-05
  1.0820000000000000e+03  1.0976000000000001e-04
  9.9530000000000001e+01 -4.3197499999999998e-03
  3.5420000000000002e+01 -3.2249470000000002e-02
  1.3300000000000001e+01 -9.9418119999999999e-02
  4.3920000000000003e+00  1.0163904999999999e-01
  1.6759999999999999e+00  6.0242176999999997e-01
  5.8889999999999998e-01  4.4446527000000002e-01
l=0 n=9
  3.1700000000000000e+04  3.9999999999999998e-07
  4.7550000000000000e+03  1.9900000000000000e-06
  1.0820000000000000e+03  1.6310000000000001e-05
  3.5420000000000002e+01 -1.6494999999999999e-03
  1.3300000000000001e+01 -2.6215100000000001e-03
  4.3920000000000003e+00 -6.8742000000000000e-04
  1.6759999999999999e+00  2.1174470000000001e-02
  5.8889999999999998e-01 -1.0839521000000001e-01
  5.6399999999999999e-02  6.5862100000000001e-01
l=0 n=1
  2.3070000000000000e-02  1.0000000000000000e+00
l=1 n=6
  1.3809999999999999e+02  5.7964100000000001e-03
  3.2240000000000002e+01  4.1573800000000001e-02
  9.9849999999999994e+00  1.6288148000000000e-01
  3.4840000000000000e+00  3.5938758999999998e-01
  1.2310000000000001e+00  4.5011908000000000e-01
  4.1770000000000002e-01  2.2739592000000000e-01
l=1 n=6
  3.2240000000000002e+01  9.8060000000000006e-05
  9.9849999999999994e+00 -4.5329000000000002e-04
  3.4840000000000000e+00  7.3048999999999998e-04
  1.2310000000000001e+00 -7.0515700000000001e-03
  4.1770000000000002e-01  5.9889799999999997e-03
  6.5129999999999993e-02  4.3542385000000000e-01
l=1 n=1
  2.0530000000000000e-02  1.0000000000000000e+00
l=2 n=1
  9.7299999999999998e-02  1.0000000000000000e+00
end=11
element=12
l=0 n=9
  4.7390000000000000e+04  3.4602000000000000e-04
  7.1080000000000000e+03  2.6807599999999999e-03
  1.6180000000000000e+03  1.3836690000000000e-02
  4.5839999999999998e+02  5.5176700000000002e-02
  1.4930000000000001e+02  1.6966211000000000e-01
  5.3590000000000003e+01  3.6471418999999999e-01
  2.0699999999999999e+01  4.0690721000000002e-01
  8.3840000000000003e+00  1.3508866000000000e-01
  2.5419999999999998e+00  4.6035900000000003e-03
l=0 n=9
  4.7390000000000000e+04  1.3599999999999999e-06
  7.1080000000000000e+03  1.5909999999999998e-05
  1.6180000000000000e+03  8.6000000000000007e-06
  1.4930000000000001e+02 -3.9646000000000004e-03
  5.3590000000000003e+01 -2.0913729999999998e-02
  2.0699999999999999e+01 -9.5825750000000001e-02
  8.3840000000000003e+00  7.1991000000000004e-04
  2.5419999999999998e+00  5.7187043000000004e-01
  8.7870000000000004e-01  5.4712861000000002e-01
l=0 n=9
  4.7390000000000000e+04  1.1999999999999999e-07
  7.1080000000000000e+03  5.8999999999999996e-07
  1.6180000000000000e+03  4.8899999999999998e-06
  5.3590000000000003e+01 -5.1305999999999997e-04
  2.0699999999999999e+01 -8.4679000000000004e-04
  8.3840000000000003e+00 -1.0855999999999999e-03
  2.5419999999999998e+00 -4.2515699999999997e-03
  8.7870000000000004e-01 -1.3285717000000000e-01
  1.0770000000000000e-01  6.1081638999999999e-01
l=0 n=1
  3.9989999999999998e-02  1.0000000000000000e+00
l=1 n=6
  1.7990000000000001e+02  5.3816100000000002e-03
  4.2140000000000001e+01  3.9239759999999999e-02
  1.3130000000000001e+01  1.5745580000000001e-01
  4.6280000000000001e+00  3.5852671000000003e-01
  1.6699999999999999e+00  4.5740861999999999e-01
  5.8570000000000000e-01  2.1562138000000000e-01
l=1 n=6
  4.2140000000000001e+01  1.5457000000000001e-04
  1.3130000000000001e+01 -8.1762999999999996e-04
  4.6280000000000001e+00  6.2671000000000005e-04
  1.6699999999999999e+00 -1.3818940000000000e-02
  5.8570000000000000e-01  2.2444080000000002e-02
  1.3109999999999999e-01  5.0315482000000000e-01
l=1 n=1
  4.1119999999999997e-02  1.0000000000000000e+00
l=2 n=1
  1.8700000000000000e-01  1.0000000000000000e+00
end=12
element=13
l=0 n=9
  6.4150000000000000e+04  2.9024999999999998e-04
  9.6170000000000000e+03  2.2506599999999998e-03
  2.1890000000000000e+03  1.1645869999999999e-02
  6.2050000000000000e+02  4.6737700000000000e-02
  2.0269999999999999e+02  1.4629212000000000e-01
  7.3150000000000006e+01  3.3025030000000000e-01
  2.8550000000000001e+01  4.1568734000000002e-01
  1.1770000000000000e+01  1.8918636999999999e-01
  3.2999999999999998e+00  1.2693470000000000e-02
l=0 n=9
  6.4150000000000000e+04  6.5000000000000002e-07
  9.6170000000000000e+03  1.1049999999999999e-05
  2.1890000000000000e+03 -1.3499999999999999e-05
  2.0269999999999999e+02 -3.4414100000000002e-03
  7.3150000000000006e+01 -1.6369229999999999e-02
  2.8550000000000001e+01 -8.6780109999999994e-02
  1.1770000000000000e+01 -3.3171350000000002e-02
  3.2999999999999998e+00  5.4511699000000002e-01
  1.1730000000000000e+00  5.8609597999999996e-01
l=0 n=9
  6.4150000000000000e+04  1.0000000000000000e-08
  9.6170000000000000e+03  8.0000000000000002e-08
  2.1890000000000000e+03  5.6000000000000004e-07
  7.3150000000000006e+01 -3.8319999999999999e-05
  2.8550000000000001e+01  3.0888999999999998e-04
  1.1770000000000000e+01  4.8521000000000002e-04
  3.2999999999999998e+00 -2.2216070000000001e-02
  1.1730000000000000e+00 -1.6566842000000001e-01
  1.7519999999999999e-01  6.2741926000000003e-01
l=0 n=1
  6.4729999999999996e-02  1.0000000000000000e+00
l=1 n=6
  2.5880000000000001e+02  4.0684700000000002e-03
  6.0890000000000001e+01  3.0674040000000000e-02
  1.9140000000000001e+01  1.2918136999999999e-01
  6.8810000000000002e+00  3.2079954999999999e-01
  2.5739999999999998e+00  4.5442483000000000e-01
  9.5720000000000005e-01  2.7406349000000002e-01
l=1 n=6
  6.0890000000000001e+01  1.8332000000000000e-04
  1.9140000000000001e+01 -7.9100000000000004e-04
  6.8810000000000002e+00  7.7609000000000000e-04
  2.5739999999999998e+00 -1.4934480000000000e-02
  9.5720000000000005e-01  2.4568860000000001e-02
  2.0990000000000000e-01  4.6752817000000002e-01
l=1 n=1
  5.9859999999999997e-02  1.0000000000000000e+00
l=2 n=1
  1.8900000000000000e-01  1.0000000000000000e+00
end=13
element=14
l=0 n=9
  7.8860000000000000e+04  2.7043999999999999e-04
  1.1820000000000000e+04  2.0972000000000000e-03
  2.6920000000000000e+03  1.0850560000000000e-02
  7.6339999999999998e+02  4.3675400000000003e-02
  2.4959999999999999e+02  1.3764320999999999e-01
  9.0280000000000001e+01  3.1659682000000000e-01
  3.5289999999999999e+01  4.1832280999999999e-01
  1.4510000000000000e+01  2.1006896000000000e-01
  4.0529999999999999e+00  1.6168020000000002e-02
l=0 n=9
  7.8860000000000000e+04  5.6000000000000004e-07
  1.1820000000000000e+04  1.0000000000000001e-05
  2.6920000000000000e+03 -1.4130000000000000e-05
  2.4959999999999999e+02 -3.1989499999999999e-03
  9.0280000000000001e+01 -1.5303779999999999e-02
  3.5289999999999999e+01 -8.3813150000000003e-02
  1.4510000000000000e+01 -4.5872360000000001e-02
  4.0529999999999999e+00  5.3318275999999998e-01
  1.4820000000000000e+00  6.0280876000000005e-01
l=0 n=9
  7.8860000000000000e+04 -5.9999999999999995e-08
  1.1820000000000000e+04 -2.8999999999999998e-07
  2.6920000000000000e+03 -2.5399999999999998e-06
  9.0280000000000001e+01  3.2392000000000000e-04
  3.5289999999999999e+01  1.4224000000000001e-03
  1.4510000000000000e+01  2.5269200000000002e-03
  4.0529999999999999e+00 -3.9433929999999999e-02
  1.4820000000000000e+00 -1.9097057000000001e-01
  2.5169999999999998e-01  6.3176312000000001e-01
l=0 n=1
  9.2429999999999998e-02  1.0000000000000000e+00
l=1 n=6
  3.1589999999999998e+02  3.9265599999999999e-03
  7.4420000000000002e+01  2.9872739999999998e-02
  2.3480000000000000e+01  1.2724928999999999e-01
  8.4879999999999995e+00  3.2091744000000000e-01
  3.2170000000000001e+00  4.5615915000000001e-01
  1.2290000000000001e+00  2.6714433999999998e-01
l=1 n=6
  7.4420000000000002e+01  2.2839000000000000e-04
  2.3480000000000000e+01 -1.0183799999999999e-03
  8.4879999999999995e+00  6.9853999999999999e-04
  3.2170000000000001e+00 -1.9941330000000000e-02
  1.2290000000000001e+00  3.8746770000000000e-02
  2.9640000000000000e-01  5.1438488999999998e-01
l=1 n=1
  8.7679999999999994e-02  1.0000000000000000e+00
l=2 n=1
  2.7500000000000002e-01  1.0000000000000000e+00
end=14
element=15
l=0 n=9
  9.4840000000000000e+04  2.5551000000000003e-04
  1.4220000000000000e+04  1.9819700000000000e-03
  3.2360000000000000e+03  1.0275960000000001e-02
  9.1710000000000002e+02  4.1482300000000000e-02
  2.9950000000000000e+02  1.3197268000000001e-01
  1.0809999999999999e+02  3.0860571999999997e-01
  4.2180000000000000e+01  4.2033552000000002e-01
  1.7280000000000001e+01  2.2267116000000001e-01
  4.8579999999999997e+00  1.8435600000000000e-02
l=0 n=9
  9.4840000000000000e+04  5.2000000000000000e-07
  1.4220000000000000e+04  9.3500000000000003e-06
  3.2360000000000000e+03 -1.3220000000000000e-05
  2.9950000000000000e+02 -3.0269899999999998e-03
  1.0809999999999999e+02 -1.4859670000000000e-02
  4.2180000000000000e+01 -8.2539680000000004e-02
  1.7280000000000001e+01 -5.3883689999999998e-02
  4.8579999999999997e+00  5.2627550000000001e-01
  1.8180000000000001e+00  6.1345974000000003e-01
l=0 n=9
  9.4840000000000000e+04 -1.1999999999999999e-07
  1.4220000000000000e+04 -5.6000000000000004e-07
  3.2360000000000000e+03 -4.8999999999999997e-06
  1.0809999999999999e+02  6.1386999999999998e-04
  4.2180000000000000e+01  2.3946900000000001e-03
  1.7280000000000001e+01  4.5336500000000002e-03
  4.8579999999999997e+00 -5.4288459999999997e-02
  1.8180000000000001e+00 -2.1062296000000000e-01
  3.3720000000000000e-01  6.3413383999999995e-01
l=0 n=1
  1.2320000000000000e-01  1.0000000000000000e+00
l=1 n=6
  3.7050000000000000e+02  3.9500500000000001e-03
  8.7329999999999998e+01  3.0241770000000001e-02
  2.7590000000000000e+01  1.2959237000000001e-01
  1.0000000000000000e+01  3.2759326000000000e-01
  3.8250000000000002e+00  4.5773868000000001e-01
  1.4940000000000000e+00  2.5145404999999998e-01
l=1 n=6
  8.7329999999999998e+01  2.3855000000000000e-04
  2.7590000000000000e+01 -1.2315700000000000e-03
  1.0000000000000000e+01  2.4440000000000000e-05
  3.8250000000000002e+00 -2.3970439999999999e-02
  1.4940000000000000e+00  5.2392130000000002e-02
  3.9210000000000000e-01  5.4190377000000001e-01
l=1 n=1
  1.1860000000000000e-01  1.0000000000000000e+00
l=2 n=1
  3.7300000000000000e-01  1.0000000000000000e+00
end=15
element=16
l=0 n=9
  1.1080000000000000e+05  2.4763999999999998e-04
  1.6610000000000000e+04  1.9203000000000000e-03
  3.7810000000000000e+03  9.9618799999999993e-03
  1.0710000000000000e+03  4.0297500000000000e-02
  3.4980000000000001e+02  1.2859134999999999e-01
  1.2630000000000000e+02  3.0341538000000001e-01
  4.9259999999999998e+01  4.2107356000000001e-01
  2.0160000000000000e+01  2.3051703000000001e-01
  5.7199999999999998e+00  2.0238940000000000e-02
l=0 n=9
  1.1080000000000000e+05  5.3000000000000001e-07
  1.6610000000000000e+04  9.1700000000000003e-06
  3.7810000000000000e+03 -1.1440000000000001e-05
  3.4980000000000001e+02 -2.9323600000000002e-03
  1.2630000000000000e+02 -1.4719289999999999e-02
  4.9259999999999998e+01 -8.2133189999999995e-02
  2.0160000000000000e+01 -5.9246880000000002e-02
  5.7199999999999998e+00  5.2240927000000004e-01
  2.1819999999999999e+00  6.2040624000000000e-01
l=0 n=9
  1.1080000000000000e+05 -1.6999999999999999e-07
  1.6610000000000000e+04 -7.9999999999999996e-07
  3.7810000000000000e+03 -6.9800000000000001e-06
  1.2630000000000000e+02  8.7288999999999997e-04
  4.9259999999999998e+01  3.2866800000000002e-03
  2.0160000000000000e+01  6.4719000000000000e-03
  5.7199999999999998e+00 -6.7925579999999999e-02
  2.1819999999999999e+00 -2.2766568000000001e-01
  4.3269999999999997e-01  6.4363157999999998e-01
l=0 n=1
  1.5700000000000000e-01  1.0000000000000000e+00
l=1 n=6
  3.9969999999999999e+02  4.4754100000000000e-03
  9.4189999999999998e+01  3.4166830000000002e-02
  2.9750000000000000e+01  1.4427929000000000e-01
  1.0770000000000000e+01  3.5395563000000002e-01
  4.1189999999999998e+00  4.5960530999999999e-01
  1.6250000000000000e+00  2.0486597000000001e-01
l=1 n=6
  9.4189999999999998e+01  2.1939999999999999e-04
  2.9750000000000000e+01 -1.6189500000000001e-03
  1.0770000000000000e+01 -1.5279400000000000e-03
  4.1189999999999998e+00 -2.8744400000000000e-02
  1.6250000000000000e+00  8.3799429999999994e-02
  4.7260000000000002e-01  5.6422629000000002e-01
l=1 n=1
  1.4069999999999999e-01  1.0000000000000000e+00
l=2 n=1
  4.7899999999999998e-01  1.0000000000000000e+00
end=16
element=17
l=0 n=9
  1.2790000000000000e+05  2.4116000000000000e-04
  1.9170000000000000e+04  1.8709899999999999e-03
  4.3630000000000000e+03  9.7082300000000000e-03
  1.2360000000000000e+03  3.9315299999999997e-02
  4.0360000000000002e+02  1.2591826000000000e-01
  1.4569999999999999e+02  2.9926922000000000e-01
  5.6810000000000002e+01  4.2148671999999998e-01
  2.3230000000000000e+01  2.3688413000000000e-01
  6.6440000000000001e+00  2.1763850000000001e-02
l=0 n=9
  1.2790000000000000e+05  5.4000000000000002e-07
  1.9170000000000000e+04  9.0100000000000001e-06
  4.3630000000000000e+03 -1.0339999999999999e-05
  4.0360000000000002e+02 -2.8651499999999999e-03
  1.4569999999999999e+02 -1.4632890000000001e-02
  5.6810000000000002e+01 -8.1967010000000007e-02
  2.3230000000000000e+01 -6.3555070000000005e-02
  6.6440000000000001e+00  5.2006699000000001e-01
  2.5750000000000002e+00  6.2550094000000001e-01
l=0 n=9
  1.2790000000000000e+05 -2.1000000000000000e-07
  1.9170000000000000e+04 -9.9000000000000005e-07
  4.3630000000000000e+03 -8.6300000000000004e-06
  1.4569999999999999e+02  1.0842899999999999e-03
  5.6810000000000002e+01  4.0389500000000004e-03
  2.3230000000000000e+01  8.2094999999999998e-03
  6.6440000000000001e+00 -7.9540970000000003e-02
  2.5750000000000002e+00 -2.4098998999999999e-01
  5.3710000000000002e-01  6.5003639999999996e-01
l=0 n=1
  1.9380000000000000e-01  1.0000000000000000e+00
l=1 n=6
  4.1760000000000002e+02  5.2598200000000001e-03
  9.8329999999999998e+01  3.9832899999999997e-02
  3.1039999999999999e+01  1.6466142000000000e-01
  1.1190000000000000e+01  3.8733851000000002e-01
  4.2489999999999997e+00  4.5716117000000001e-01
  1.6240000000000001e+00  1.5122617999999999e-01
l=1 n=6
  9.8329999999999998e+01  9.3120000000000003e-05
  3.1039999999999999e+01 -2.0639100000000000e-03
  1.1190000000000000e+01 -5.3080899999999997e-03
  4.2489999999999997e+00 -2.8514399999999999e-02
  1.6240000000000001e+00  1.3085086000000001e-01
  5.3220000000000001e-01  5.7993967000000002e-01
l=1 n=1
  1.6200000000000001e-01  1.0000000000000000e+00
l=2 n=1
  5.9999999999999998e-01  1.0000000000000000e+00
end=17
element=18
l=0 n=9
  1.4570000000000000e+05  2.3670000000000001e-04
  2.1840000000000000e+04  1.8352799999999999e-03
  4.9720000000000000e+03  9.5285500000000002e-03
  1.4080000000000000e+03  3.8628250000000003e-02
  4.5969999999999999e+02  1.2406631000000000e-01
  1.6590000000000001e+02  2.9639338999999998e-01
  6.4689999999999998e+01  4.2163810000000002e-01
  2.6440000000000001e+01  2.4135250000000000e-01
  7.6280000000000001e+00  2.2854429999999998e-02
l=0 n=9
  1.4570000000000000e+05  5.5000000000000003e-07
  2.1840000000000000e+04  8.9500000000000007e-06
  4.9720000000000000e+03 -9.3100000000000006e-06
  4.5969999999999999e+02 -2.8247900000000002e-03
  1.6590000000000001e+02 -1.4649799999999999e-02
  6.4689999999999998e+01 -8.2123420000000003e-02
  2.6440000000000001e+01 -6.6816870000000000e-02
  7.6280000000000001e+00  5.1910849999999997e-01
  2.9960000000000000e+00  6.2903560999999997e-01
l=0 n=9
  1.4570000000000000e+05 -2.3999999999999998e-07
  2.1840000000000000e+04 -1.1500000000000000e-06
  4.9720000000000000e+03 -1.0080000000000000e-05
  1.6590000000000001e+02  1.2727100000000000e-03
  6.4689999999999998e+01  4.7140799999999998e-03
  2.6440000000000001e+01  9.8056800000000006e-03
  7.6280000000000001e+00 -9.0153929999999993e-02
  2.9960000000000000e+00 -2.5267720999999999e-01
  6.5039999999999998e-01  6.5773344000000000e-01
l=0 n=1
  2.3369999999999999e-01  1.0000000000000000e+00
l=1 n=6
  4.5369999999999999e+02  5.7055500000000002e-03
  1.0680000000000000e+02  4.3045620000000000e-02
  3.3729999999999997e+01  1.7657303999999999e-01
  1.2130000000000001e+01  4.0679295999999998e-01
  4.5940000000000003e+00  4.5236414000000003e-01
  1.6779999999999999e+00  1.2415453999999999e-01
l=1 n=6
  1.0680000000000000e+02 -5.0649999999999998e-05
  3.3729999999999997e+01 -2.3549899999999999e-03
  1.2130000000000001e+01 -9.1738500000000008e-03
  4.5940000000000003e+00 -2.4191740000000000e-02
  1.6779999999999999e+00  1.7700289000000000e-01
  5.9089999999999998e-01  5.8324514999999999e-01
l=1 n=1
  1.8520000000000000e-01  1.0000000000000000e+00
l=2 n=1
  7.3799999999999999e-01  1.0000000000000000e+00
end=18
element=31
l=0 n=10
  4.8513000000000000e+05  2.0678000000000000e-04
  7.2719000000000000e+04  1.6044000000000000e-03
  1.6552000000000000e+04  8.3402600000000004e-03
  4.6878000000000002e+03  3.4024800000000001e-02
  1.5290999999999999e+03  1.1125962000000000e-01
  5.5180999999999995e+02  2.7591306999999998e-01
  2.1518000000000001e+02  4.2421289000000001e-01
  8.8174000000000007e+01  2.7709752999999998e-01
  2.7154000000000000e+01  1.0659050000000000e-02
  1.1503000000000000e+01 -2.9082650000000002e-02
l=0 n=10
  4.8513000000000000e+05  6.3000000000000000e-07
  7.2719000000000000e+04  8.4600000000000003e-06
  1.6552000000000000e+04 -2.1399999999999998e-06
  1.5290999999999999e+03 -2.5045800000000002e-03
  5.5180999999999995e+02 -1.4463409999999999e-02
  2.1518000000000001e+02 -8.2131579999999996e-02
  8.8174000000000007e+01 -8.8962600000000003e-02
  2.7154000000000000e+01  4.8992532000000000e-01
  1.1503000000000000e+01  6.2520622000000003e-01
  3.3018000000000001e+00  7.9546160000000005e-02
l=0 n=10
  4.8513000000000000e+05 -2.4999999999999999e-07
  7.2719000000000000e+04 -1.3000000000000000e-06
  1.6552000000000000e+04 -1.1280000000000000e-05
  5.5180999999999995e+02  1.5132699999999999e-03
  2.1518000000000001e+02  6.1294599999999998e-03
  8.8174000000000007e+01  1.5521800000000001e-02
  2.7154000000000000e+01 -1.2608435000000001e-01
  1.1503000000000000e+01 -3.0592977999999998e-01
  3.3018000000000001e+00  6.0996231999999995e-01
  1.3313999999999999e+00  6.7498910000000001e-01
l=0 n=9
  4.8513000000000000e+05 -2.9999999999999997e-08
  7.2719000000000000e+04 -4.0000000000000001e-08
  2.1518000000000001e+02  4.7410000000000002e-05
  8.8174000000000007e+01  2.0043000000000000e-04
  2.7154000000000000e+01 -2.8751400000000000e-03
  1.1503000000000000e+01 -1.0565320000000000e-02
  3.3018000000000001e+00  5.7372800000000000e-03
  1.3313999999999999e+00 -1.4367133000000001e-01
  1.9316000000000000e-01  6.3347726999999998e-01
l=0 n=1
  7.0895000000000000e-02  1.0000000000000000e+00
l=1 n=8
  3.2485999999999999e+03  1.5260000000000000e-03
  7.6997000000000003e+02  1.2748690000000000e-02
  2.4819999999999999e+02  6.3378820000000002e-02
  9.3364000000000004e+01  2.0661229000000000e-01
  3.8250999999999998e+01  4.0944915999999998e-01
  1.6422000000000001e+01  3.9197581999999997e-01
  6.7918000000000003e+00  1.0123109000000000e-01
  2.8336000000000001e+00 -4.3708000000000002e-03
l=1 n=8
  7.6997000000000003e+02 -1.6719999999999999e-05
  2.4819999999999999e+02 -7.6320000000000001e-04
  9.3364000000000004e+01 -5.7849599999999996e-03
  3.8250999999999998e+01 -2.5223880000000001e-02
  1.6422000000000001e+01 -9.7415899999999996e-03
  6.7918000000000003e+00  2.8326138000000001e-01
  2.8336000000000001e+00  6.0085232000000000e-01
  1.1062000000000001e+00  3.4761175999999999e-01
l=1 n=8
  2.4819999999999999e+02  6.0265000000000004e-04
  9.3364000000000004e+01  4.2515100000000000e-03
  3.8250999999999998e+01  2.0069960000000001e-02
  1.6422000000000001e+01  5.7311000000000003e-03
  6.7918000000000003e+00 -2.2050780000000000e-01
  2.8336000000000001e+00 -4.9022880000000002e-01
  1.1062000000000001e+00 -2.6103981999999998e-01
  2.2250000000000000e-01  4.3877137999999999e-01
l=1 n=1
  6.1772000000000001e-02  1.0000000000000000e+00
l=2 n=5
  6.5337000000000003e+01  2.7382500000000001e-02
  1.8497000000000000e+01  1.5108050000000001e-01
  6.3150000000000004e+00  3.7492170000000002e-01
  2.1635000000000000e+00  4.7507990000000000e-01
  6.6674999999999995e-01  2.9827500000000001e-01
l=2 n=1
  1.8840000000000001e-01  1.0000000000000000e+00
end=31
element=32
l=0 n=10
  5.2180000000000000e+05  2.0447999999999999e-04
  7.8214000000000000e+04  1.5864900000000001e-03
  1.7803000000000000e+04  8.2480399999999999e-03
  5.0418999999999996e+03  3.3664899999999998e-02
  1.6445000000000000e+03  1.1021530000000000e-01
  5.9342999999999995e+02  2.7409028000000002e-01
  2.3136000000000001e+02  4.2407512000000003e-01
  9.4762000000000000e+01  2.8003820000000001e-01
  2.9274000000000001e+01  1.1228080000000000e-02
  1.2449999999999999e+01 -3.0104720000000001e-02
l=0 n=10
  5.2180000000000000e+05  6.4000000000000001e-07
  7.8214000000000000e+04  8.3899999999999993e-06
  1.7803000000000000e+04 -1.3900000000000000e-06
  1.6445000000000000e+03 -2.4592199999999998e-03
  5.9342999999999995e+02 -1.4353540000000000e-02
  2.3136000000000001e+02 -8.1614569999999997e-02
  9.4762000000000000e+01 -9.0813039999999998e-02
  2.9274000000000001e+01  4.8479992999999999e-01
  1.2449999999999999e+01  6.2813023000000001e-01
  3.6463000000000001e+00  8.3290489999999995e-02
l=0 n=10
  5.2180000000000000e+05 -1.9999999999999999e-07
  7.8214000000000000e+04 -1.1999999999999999e-06
  1.7803000000000000e+04 -1.0540000000000001e-05
  5.9342999999999995e+02  1.4230800000000000e-03
  2.3136000000000001e+02  5.8605699999999998e-03
  9.4762000000000000e+01  1.5188670000000000e-02
  2.9274000000000001e+01 -1.2303736000000000e-01
  1.2449999999999999e+01 -3.0938947999999999e-01
  3.6463000000000001e+00  5.8986187999999995e-01
  1.5024999999999999e+00  6.9880759000000003e-01
l=0 n=9
  7.8214000000000000e+04  4.0000000000000001e-08
  1.7803000000000000e+04 -2.0000000000000000e-08
  2.3136000000000001e+02  3.8640000000000003e-05
  9.4762000000000000e+01  1.5367000000000001e-04
  2.9274000000000001e+01 -2.0210100000000002e-03
  1.2449999999999999e+01 -6.8068699999999996e-03
  3.6463000000000001e+00 -5.9071899999999997e-03
  1.5024999999999999e+00 -1.7404895000000001e-01
  2.4503000000000000e-01  6.5845279999999995e-01
l=0 n=1
  9.1593999999999995e-02  1.0000000000000000e+00
l=1 n=8
  3.5680999999999999e+03  1.4591000000000001e-03
  8.4572000000000003e+02  1.2217710000000000e-02
  2.7274000000000001e+02  6.1053349999999999e-02
  1.0268000000000001e+02  2.0083798000000000e-01
  4.2148000000000003e+01  4.0404300999999998e-01
  1.8149000000000001e+01  3.9708099000000002e-01
  7.5933999999999999e+00  1.0894125000000000e-01
  3.1964000000000001e+00 -3.5220199999999998e-03
l=1 n=8
  8.4572000000000003e+02 -2.1189999999999999e-05
  2.7274000000000001e+02 -7.3067000000000000e-04
  1.0268000000000001e+02 -5.7706900000000002e-03
  4.2148000000000003e+01 -2.4953870000000000e-02
  1.8149000000000001e+01 -1.3460590000000000e-02
  7.5933999999999999e+00  2.7017540000000001e-01
  3.1964000000000001e+00  6.0133373999999995e-01
  1.2743000000000000e+00  3.5897601000000001e-01
l=1 n=8
  2.7274000000000001e+02  5.7773000000000004e-04
  1.0268000000000001e+02  4.1736200000000003e-03
  4.2148000000000003e+01  1.9959720000000000e-02
  1.8149000000000001e+01  8.1618400000000001e-03
  7.5933999999999999e+00 -2.1026563000000001e-01
  3.1964000000000001e+00 -4.9752648999999999e-01
  1.2743000000000000e+00 -2.6794825999999999e-01
  2.8258000000000000e-01  4.9290233000000000e-01
l=1 n=1
  8.4089999999999998e-02  1.0000000000000000e+00
l=2 n=5
  7.4762000000000000e+01  2.5768400000000000e-02
  2.1302000000000000e+01  1.4544209999999999e-01
  7.3436000000000003e+00  3.7137209999999998e-01
  2.5651000000000002e+00  4.8000019999999999e-01
  8.1969999999999998e-01  2.8967999999999999e-01
l=2 n=1
  2.4700000000000000e-01  1.0000000000000000e+00
end=32
element=33
l=0 n=10
  5.5958379000000004e+05  2.0238000000000000e-04
  8.3879330000000002e+04  1.5705900000000000e-03
  1.9092668000000001e+04  8.1662100000000001e-03
  5.4073924999999999e+03  3.3339899999999999e-02
  1.7637559000000001e+03  1.0926362000000001e-01
  6.3645672000000002e+02  2.7242387000000001e-01
  2.4808842999999999e+02  4.2391339000000000e-01
  1.0157850999999999e+02  2.8272957999999998e-01
  3.1475512999999999e+01  1.1791250000000000e-02
  1.3437282000000000e+01 -3.1083360000000001e-02
l=0 n=10
  5.5958379000000004e+05  5.7999999999999995e-07
  8.3879330000000002e+04  8.3100000000000001e-06
  1.9092668000000001e+04 -5.7999999999999995e-07
  1.7637559000000001e+03 -2.4182700000000001e-03
  6.3645672000000002e+02 -1.4256540000000000e-02
  2.4808842999999999e+02 -8.1144620000000001e-02
  1.0157850999999999e+02 -9.2510289999999995e-02
  3.1475512999999999e+01  4.7988081999999999e-01
  1.3437282000000000e+01  6.3084715999999996e-01
  4.0086899999999996e+00  8.6917759999999997e-02
l=0 n=10
  5.5958379000000004e+05 -2.8999999999999998e-07
  8.3879330000000002e+04 -1.1000000000000001e-06
  1.9092668000000001e+04 -9.9399999999999997e-06
  6.3645672000000002e+02  1.3484400000000000e-03
  2.4808842999999999e+02  5.6417400000000001e-03
  1.0157850999999999e+02  1.4936880000000000e-02
  3.1475512999999999e+01 -1.2061760000000001e-01
  1.3437282000000000e+01 -3.1326127999999998e-01
  4.0086899999999996e+00  5.7263059999999999e-01
  1.6849289999999999e+00  7.2048570000000001e-01
l=0 n=10
  5.5958379000000004e+05 -4.0000000000000001e-08
  8.3879330000000002e+04 -2.9999999999999997e-08
  1.9092668000000001e+04 -2.9999999999999997e-08
  2.4808842999999999e+02  2.8430000000000001e-05
  1.0157850999999999e+02  8.7250000000000007e-05
  3.1475512999999999e+01 -8.8630000000000002e-04
  1.3437282000000000e+01 -1.7324000000000000e-03
  4.0086899999999996e+00 -1.9193300000000000e-02
  1.6849289999999999e+00 -2.0388460999999999e-01
  3.0001899999999998e-01  6.7269177000000002e-01
l=0 n=1
  1.1358699999999999e-01  1.0000000000000000e+00
l=1 n=8
  3.8863564000000001e+03  1.4097000000000001e-03
  9.2120200999999997e+02  1.1827829999999999e-02
  2.9719319000000002e+02  5.9332250000000003e-02
  1.1197508000000001e+02  1.9654567000000001e-01
  4.6034621000000001e+01  3.9993798000000003e-01
  1.9874193999999999e+01  4.0055899000000000e-01
  8.3860880000000009e+00  1.1485914999999999e-01
  3.5587279999999999e+00 -2.9199500000000001e-03
l=1 n=8
  9.2120200999999997e+02 -2.4430000000000002e-05
  2.9719319000000002e+02 -7.1193000000000005e-04
  1.1197508000000001e+02 -5.7848099999999996e-03
  4.6034621000000001e+01 -2.4919119999999999e-02
  1.9874193999999999e+01 -1.6075030000000001e-02
  8.3860880000000009e+00  2.6198036000000002e-01
  3.5587279999999999e+00  6.0175036000000004e-01
  1.4472820000000000e+00  3.6486889000000000e-01
l=1 n=8
  2.9719319000000002e+02  5.4703000000000000e-04
  1.1197508000000001e+02  4.0161399999999996e-03
  4.6034621000000001e+01  1.9430800000000002e-02
  1.9874193999999999e+01  9.5619799999999994e-03
  8.3860880000000009e+00 -1.9816200000000000e-01
  3.5587279999999999e+00 -4.8996141999999998e-01
  1.4472820000000000e+00 -2.6335171000000002e-01
  3.4777900000000000e-01  5.2492249000000002e-01
l=1 n=1
  1.0769900000000000e-01  1.0000000000000000e+00
l=2 n=5
  8.4424233999999998e+01  2.4528800000000000e-02
  2.4181588999999999e+01  1.4113400000000001e-01
  8.4017769999999992e+00  3.6875790000000003e-01
  2.9805020000000000e+00  4.8406260000000001e-01
  9.7900299999999996e-01  2.8244340000000001e-01
l=2 n=1
  3.0980000000000002e-01  1.0000000000000000e+00
end=33
element=34
l=0 n=10
  5.9899000000000000e+05  2.0037000000000001e-04
  8.9783000000000000e+04  1.5550799999999999e-03
  2.0435000000000000e+04  8.0871799999999994e-03
  5.7868999999999996e+03  3.3034399999999998e-02
  1.8873000000000000e+03  1.0838396000000000e-01
  6.8097000000000003e+02  2.7088317000000001e-01
  2.6538999999999999e+02  4.2373702000000002e-01
  1.0863000000000000e+02  2.8523482999999999e-01
  3.3759999999999998e+01  1.2347500000000001e-02
  1.4465000000000000e+01 -3.2021559999999998e-02
l=0 n=10
  5.9899000000000000e+05  6.5000000000000002e-07
  8.9783000000000000e+04  8.2400000000000007e-06
  2.0435000000000000e+04  9.9999999999999995e-08
  1.8873000000000000e+03 -2.3798600000000001e-03
  6.8097000000000003e+02 -1.4168220000000000e-02
  2.6538999999999999e+02 -8.0706940000000005e-02
  1.0863000000000000e+02 -9.4090339999999995e-02
  3.3759999999999998e+01  4.7515340000000000e-01
  1.4465000000000000e+01  6.3340054000000001e-01
  4.3890000000000002e+00  9.0409489999999995e-02
l=0 n=10
  5.9899000000000000e+05 -2.3999999999999998e-07
  8.9783000000000000e+04 -1.0800000000000000e-06
  2.0435000000000000e+04 -9.4099999999999997e-06
  6.8097000000000003e+02  1.2850500000000000e-03
  2.6538999999999999e+02  5.4536300000000001e-03
  1.0863000000000000e+02  1.4742069999999999e-02
  3.3759999999999998e+01 -1.1863438000000000e-01
  1.4465000000000000e+01 -3.1735987999999998e-01
  4.3890000000000002e+00  5.5772290999999996e-01
  1.8783000000000001e+00  7.4033256999999997e-01
l=0 n=9
  5.9899000000000000e+05  1.0000000000000000e-08
  8.9783000000000000e+04 -2.0000000000000000e-08
  2.6538999999999999e+02  1.1660000000000000e-05
  1.0863000000000000e+02  1.7200000000000000e-06
  3.3759999999999998e+01  4.8027999999999998e-04
  1.4465000000000000e+01  4.4611199999999998e-03
  4.3890000000000002e+00 -3.3698980000000003e-02
  1.8783000000000001e+00 -2.3490751000000001e-01
  3.5859000000000002e-01  6.9118740000000001e-01
l=0 n=1
  1.3649000000000000e-01  1.0000000000000000e+00
l=1 n=8
  4.1356000000000004e+03  1.4127000000000000e-03
  9.8034000000000003e+02  1.1858940000000000e-02
  3.1635000000000002e+02  5.9520139999999999e-02
  1.1925000000000000e+02  1.9725865000000001e-01
  4.9067999999999998e+01  4.0091316999999999e-01
  2.1212000000000000e+01  3.9957072999999999e-01
  8.9461999999999993e+00  1.1356740000000000e-01
  3.8235999999999999e+00 -3.7686299999999998e-03
l=1 n=8
  9.8034000000000003e+02 -2.4729999999999999e-05
  3.1635000000000002e+02 -7.4007999999999995e-04
  1.1925000000000000e+02 -5.9629300000000000e-03
  4.9067999999999998e+01 -2.5845440000000001e-02
  2.1212000000000000e+01 -1.5236730000000000e-02
  8.9461999999999993e+00  2.7114595000000002e-01
  3.8235999999999999e+00  6.0591026000000003e-01
  1.5883000000000000e+00  3.5300863999999998e-01
l=1 n=8
  3.1635000000000002e+02  6.6314000000000000e-04
  1.1925000000000000e+02  4.8332999999999996e-03
  4.9067999999999998e+01  2.3495019999999998e-02
  2.1212000000000000e+01  1.0322300000000000e-02
  8.9461999999999993e+00 -2.3899971000000000e-01
  3.8235999999999999e+00 -5.7716508000000000e-01
  1.5883000000000000e+00 -2.8897075000000000e-01
  4.0969000000000000e-01  5.4697633000000001e-01
l=1 n=1
  1.2459000000000001e-01  1.0000000000000000e+00
l=2 n=5
  9.4471999999999994e+01  2.3498200000000000e-02
  2.7180000000000000e+01  1.3751830000000001e-01
  9.5068000000000001e+00  3.6648239999999999e-01
  3.4167999999999998e+00  4.8747170000000001e-01
  1.1478999999999999e+00  2.7657690000000001e-01
l=2 n=1
  3.6820000000000003e-01  1.0000000000000000e+00
end=34
element=35
l=0 n=10
  6.4010000000000000e+05  1.9838000000000001e-04
  9.5938000000000000e+04  1.5396800000000001e-03
  2.1833000000000000e+04  8.0095600000000006e-03
  6.1818999999999996e+03  3.2734100000000002e-02
  2.0157000000000000e+03  1.0753988000000000e-01
  7.2710000000000002e+02  2.6944868999999999e-01
  2.8327999999999997e+02  4.2359788999999998e-01
  1.1591000000000000e+02  2.8757354000000002e-01
  3.6124000000000002e+01  1.2904730000000000e-02
  1.5532000000000000e+01 -3.2872220000000001e-02
l=0 n=10
  6.4010000000000000e+05  5.9999999999999997e-07
  9.5938000000000000e+04  8.1899999999999995e-06
  2.1833000000000000e+04  7.1999999999999999e-07
  2.0157000000000000e+03 -2.3436700000000000e-03
  7.2710000000000002e+02 -1.4083780000000001e-02
  2.8327999999999997e+02 -8.0309920000000007e-02
  1.1591000000000000e+02 -9.5555329999999994e-02
  3.6124000000000002e+01  4.7068230000000000e-01
  1.5532000000000000e+01  6.3574306999999997e-01
  4.7857000000000003e+00  9.3763970000000002e-02
l=0 n=10
  6.4010000000000000e+05 -2.2000000000000001e-07
  9.5938000000000000e+04 -9.5999999999999991e-07
  2.1833000000000000e+04 -9.0000000000000002e-06
  7.2710000000000002e+02  1.2329900000000000e-03
  2.8327999999999997e+02  5.3090300000000002e-03
  1.1591000000000000e+02  1.4615339999999999e-02
  3.6124000000000002e+01 -1.1713862999999999e-01
  1.5532000000000000e+01 -3.2168323999999998e-01
  4.7857000000000003e+00  5.4502468999999998e-01
  2.0817000000000001e+00  7.5840620999999997e-01
l=0 n=9
  9.5938000000000000e+04 -2.9999999999999997e-08
  2.1833000000000000e+04 -5.9999999999999995e-08
  2.8327999999999997e+02 -9.9699999999999994e-06
  1.1591000000000000e+02 -9.7720000000000006e-05
  3.6124000000000002e+01  1.9814799999999999e-03
  1.5532000000000000e+01  1.1344089999999999e-02
  4.7857000000000003e+00 -4.8343100000000000e-02
  2.0817000000000001e+00 -2.6509864000000000e-01
  4.2027999999999999e-01  7.0365692000000002e-01
l=0 n=1
  1.6069000000000000e-01  1.0000000000000000e+00
l=1 n=8
  4.3408000000000002e+03  1.4448000000000000e-03
  1.0289000000000001e+03  1.2128940000000000e-02
  3.3201999999999998e+02  6.0813760000000001e-02
  1.2516000000000000e+02  2.0098299000000000e-01
  5.1511000000000003e+01  4.0495196999999999e-01
  2.2280999999999999e+01  3.9580374000000001e-01
  9.3416999999999994e+00  1.0798737000000000e-01
  4.0132000000000003e+00 -5.6535099999999996e-03
l=1 n=8
  1.0289000000000001e+03 -2.1569999999999998e-05
  3.3201999999999998e+02 -7.8808000000000003e-04
  1.2516000000000000e+02 -6.2142300000000003e-03
  5.1511000000000003e+01 -2.7285710000000001e-02
  2.2280999999999999e+01 -1.2013630000000001e-02
  9.3416999999999994e+00  2.9121253000000002e-01
  4.0132000000000003e+00  6.1192665999999996e-01
  1.7001999999999999e+00  3.2831407000000001e-01
l=1 n=8
  3.3201999999999998e+02  8.6954000000000003e-04
  1.2516000000000000e+02  6.2994899999999996e-03
  5.1511000000000003e+01  3.0457310000000001e-02
  2.2280999999999999e+01  9.6149800000000004e-03
  9.3416999999999994e+00 -3.1709715999999999e-01
  4.0132000000000003e+00 -7.1591643999999999e-01
  1.7001999999999999e+00 -3.2266662000000002e-01
  4.7194000000000003e-01  5.6602889000000001e-01
l=1 n=1
  1.4421000000000000e-01  1.0000000000000000e+00
l=2 n=5
  1.0483000000000000e+02  2.2658299999999999e-02
  3.0271999999999998e+01  1.3458950000000000e-01
  1.0648999999999999e+01  3.6471809999999999e-01
  3.8696000000000002e+00  4.9041960000000001e-01
  1.3239000000000001e+00  2.7138849999999998e-01
l=2 n=1
  4.0980000000000000e-01  1.0000000000000000e+00
end=35
element=36
l=0 n=10
  6.8135881999999995e+05  1.9688000000000000e-04
  1.0212648000000000e+05  1.5282700000000000e-03
  2.3243709999999999e+04  7.9499299999999992e-03
  6.5820073000000002e+03  3.2493800000000003e-02
  2.1464286000000002e+03  1.0681631000000000e-01
  7.7433781999999997e+02  2.6813129000000002e-01
  3.0167020000000002e+02  4.2338438000000000e-01
  1.2341184000000000e+02  2.8969263000000001e-01
  3.8567551000000002e+01  1.3434369999999999e-02
  1.6637378999999999e+01 -3.3695919999999997e-02
l=0 n=10
  6.8135881999999995e+05  5.8999999999999996e-07
  1.0212648000000000e+05  8.1200000000000002e-06
  2.3243709999999999e+04  1.3200000000000001e-06
  2.1464286000000002e+03 -2.3129600000000002e-03
  7.7433781999999997e+02 -1.4012390000000000e-02
  3.0167020000000002e+02 -7.9949549999999994e-02
  1.2341184000000000e+02 -9.6892300000000001e-02
  3.8567551000000002e+01  4.6647561999999998e-01
  1.6637378999999999e+01  6.3790941000000001e-01
  5.1987949999999996e+00  9.6936229999999998e-02
l=0 n=10
  6.8135881999999995e+05 -2.2999999999999999e-07
  1.0212648000000000e+05 -9.5000000000000001e-07
  2.3243709999999999e+04 -8.6100000000000006e-06
  7.7433781999999997e+02  1.1896599999999999e-03
  3.0167020000000002e+02  5.1858900000000003e-03
  1.2341184000000000e+02  1.4527500000000000e-02
  3.8567551000000002e+01 -1.1596363000000000e-01
  1.6637378999999999e+01 -3.2609463000000000e-01
  5.1987949999999996e+00  5.3427928999999996e-01
  2.2948140000000001e+00  7.7502879000000002e-01
l=0 n=10
  6.8135881999999995e+05  2.0000000000000000e-08
  1.0212648000000000e+05 -2.9999999999999997e-08
  2.3243709999999999e+04  2.0000000000000000e-08
  3.0167020000000002e+02 -3.0009999999999999e-05
  1.2341184000000000e+02 -2.1238999999999999e-04
  3.8567551000000002e+01  3.6480300000000000e-03
  1.6637378999999999e+01  1.9048639999999999e-02
  5.1987949999999996e+00 -6.3582849999999996e-02
  2.2948140000000001e+00 -2.9560171000000002e-01
  4.8521100000000000e-01  7.1240018000000005e-01
l=0 n=1
  1.8626999999999999e-01  1.0000000000000000e+00
l=1 n=8
  4.4742699000000002e+03  1.5195000000000000e-03
  1.0605790000000000e+03  1.2742520000000000e-02
  3.4220812000000001e+02  6.3655030000000001e-02
  1.2899842000000001e+02  2.0862721000000001e-01
  5.3087221999999997e+01  4.1253020000000001e-01
  2.2959425000000000e+01  3.8785604000000001e-01
  9.5073000000000008e+00  9.7199700000000000e-02
  4.0830549999999999e+00 -8.6202599999999994e-03
l=1 n=8
  1.0605790000000000e+03 -1.5220000000000000e-05
  3.4220812000000001e+02 -8.7266999999999998e-04
  1.2899842000000001e+02 -6.5832199999999999e-03
  5.3087221999999997e+01 -2.9394880000000002e-02
  2.2959425000000000e+01 -5.1274900000000002e-03
  9.5073000000000008e+00  3.2579160000000001e-01
  4.0830549999999999e+00  6.1912339000000005e-01
  1.7504459999999999e+00  2.8455267000000001e-01
l=1 n=8
  3.4220812000000001e+02  1.3816300000000000e-03
  1.2899842000000001e+02  9.8686099999999999e-03
  5.3087221999999997e+01  4.6951909999999999e-02
  2.2959425000000000e+01  4.4268700000000003e-03
  9.5073000000000008e+00 -5.1338525999999995e-01
  4.0830549999999999e+00 -1.0300307399999999e+00
  1.7504459999999999e+00 -3.9341922000000001e-01
  5.2919000000000005e-01  5.8486777999999995e-01
l=1 n=1
  1.6436899999999999e-01  1.0000000000000000e+00
l=2 n=5
  1.1552531999999999e+02  2.1955700000000002e-02
  3.3465246000000000e+01  1.3216200000000000e-01
  1.1830458999999999e+01  3.6334840000000002e-01
  4.3397709999999998e+00  4.9295820000000001e-01
  1.5075240000000001e+00  2.6675599999999999e-01
l=2 n=1
  5.0300000000000000e-01  1.0000000000000000e+00
end=36
