element=1
l=0 n=4
  8.0214201549999995e+00  5.6752420800000002e-02
  1.4678210610000000e+00  2.6014135500000002e-01
  4.0777676349999997e-01  5.3284611429999995e-01
  1.3533744200000000e-01  2.9162544050000000e-01
end=1
element=2
l=0 n=4
  1.4899829670000001e+01  5.6752420800000002e-02
  2.7264852579999999e+00  2.6014135500000002e-01
  7.5744745989999995e-01  5.3284611429999995e-01
  2.5139000270000000e-01  2.9162544050000000e-01
end=2
element=3
l=0 n=4
  3.7749608729999999e+01  5.6752420800000002e-02
  6.9077133069999999e+00  2.6014135500000002e-01
  1.9190383970000000e+00  5.3284611429999995e-01
  6.3691159220000004e-01  2.9162544050000000e-01
l=0 n=4
  1.4870423520000000e+00 -6.2207145649999997e-02
  3.2191276200000002e-01  2.9768045960000000e-05
  1.0466602999999999e-01  5.5885492209999998e-01
  4.0198682960000003e-02  4.9776732180000000e-01
l=1 n=4
  1.4870423520000000e+00  4.3684348839999998e-02
  3.2191276200000002e-01  2.8637939839999998e-01
  1.0466602999999999e-01  5.8357531409999996e-01
  4.0198682960000003e-02  2.4631343780000001e-01
end=3
element=4
l=0 n=4
  7.0648595420000007e+01  5.6752420800000002e-02
  1.2927822539999999e+01  2.6014135500000002e-01
  3.5914906620000000e+00  5.3284611429999995e-01
  1.1919834640000000e+00  2.9162544050000000e-01
l=0 n=4
  3.0728336100000000e+00 -6.2207145649999997e-02
  6.6520254329999995e-01  2.9768045960000000e-05
  2.1628253859999999e-01  5.5885492209999998e-01
  8.3066809719999996e-02  4.9776732180000000e-01
l=1 n=4
  3.0728336100000000e+00  4.3684348839999998e-02
  6.6520254329999995e-01  2.8637939839999998e-01
  2.1628253859999999e-01  5.8357531409999996e-01
  8.3066809719999996e-02  2.4631343780000001e-01
end=4
element=5
l=0 n=4
  1.1426141570000000e+02  5.6752420800000002e-02
  2.0908431329999999e+01  2.6014135500000002e-01
  5.8085911719999999e+00  5.3284611429999995e-01
  1.9278191920000001e+00  2.9162544050000000e-01
l=0 n=4
  5.2278832690000003e+00 -6.2207145649999997e-02
  1.1317245540000000e+00  2.9768045960000000e-05
  3.6796651180000001e-01  5.5885492209999998e-01
  1.4132349480000000e-01  4.9776732180000000e-01
l=1 n=4
  5.2278832690000003e+00  4.3684348839999998e-02
  1.1317245540000000e+00  2.8637939839999998e-01
  3.6796651180000001e-01  5.8357531409999996e-01
  1.4132349480000000e-01  2.4631343780000001e-01
end=5
element=6
l=0 n=4
  1.6771581320000001e+02  5.6752420800000002e-02
  3.0689927489999999e+01  2.6014135500000002e-01
  8.5259979139999995e+00  5.3284611429999995e-01
  2.8297020609999999e+00  2.9162544050000000e-01
l=0 n=4
  6.8738532719999998e+00 -6.2207145649999997e-02
  1.4880417420000001e+00  2.9768045960000000e-05
  4.8381872370000001e-01  5.5885492209999998e-01
  1.8581841199999999e-01  4.9776732180000000e-01
l=1 n=4
  6.8738532719999998e+00  4.3684348839999998e-02
  1.4880417420000001e+00  2.8637939839999998e-01
  4.8381872370000001e-01  5.8357531409999996e-01
  1.8581841199999999e-01  2.4631343780000001e-01
end=6
element=7
l=0 n=4
  2.3209167479999999e+02  5.6752420800000002e-02
  4.2469917019999997e+01  2.6014135500000002e-01
  1.1798608000000000e+01  5.3284611429999995e-01
  3.9158519279999999e+00  2.9162544050000000e-01
l=0 n=4
  8.8351227239999996e+00 -6.2207145649999997e-02
  1.9126144960000000e+00  2.9768045960000000e-05
  6.2186340490000003e-01  5.5885492209999998e-01
  2.3883670620000000e-01  4.9776732180000000e-01
l=1 n=4
  8.8351227239999996e+00  4.3684348839999998e-02
  1.9126144960000000e+00  2.8637939839999998e-01
  6.2186340490000003e-01  5.8357531409999996e-01
  2.3883670620000000e-01  2.4631343780000001e-01
end=7
element=8
l=0 n=4
  3.0610148310000000e+02  5.6752420800000002e-02
  5.6012800120000001e+01  2.6014135500000002e-01
  1.5560969220000000e+01  5.3284611429999995e-01
  5.1645457940000004e+00  2.9162544050000000e-01
l=0 n=4
  1.1762737350000000e+01 -6.2207145649999997e-02
  2.5463802460000000e+00  2.9768045960000000e-05
  8.2792465150000005e-01  5.5885492209999998e-01
  3.1797786330000000e-01  4.9776732180000000e-01
l=1 n=4
  1.1762737350000000e+01  4.3684348839999998e-02
  2.5463802460000000e+00  2.8637939839999998e-01
  8.2792465150000005e-01  5.8357531409999996e-01
  3.1797786330000000e-01  2.4631343780000001e-01
end=8
element=9
l=0 n=4
  3.9033735009999998e+02  5.6752420800000002e-02
  7.1426925960000005e+01  2.6014135500000002e-01
  1.9843182160000001e+01  5.3284611429999995e-01
  6.5857737739999997e+00  2.9162544050000000e-01
l=0 n=4
  1.5108582650000001e+01 -6.2207145649999997e-02
  3.2706839610000000e+00  2.9768045960000000e-05
  1.0634232189999999e+00  5.5885492209999998e-01
  4.0842489999999998e-01  4.9776732180000000e-01
l=1 n=4
  1.5108582650000001e+01  4.3684348839999998e-02
  3.2706839610000000e+00  2.8637939839999998e-01
  1.0634232189999999e+00  5.8357531409999996e-01
  4.0842489999999998e-01  2.4631343780000001e-01
end=9
element=10
l=0 n=4
  4.8479927579999998e+02  5.6752420800000002e-02
  8.8712294540000002e+01  2.6014135500000002e-01
  2.4645246830000001e+01  5.3284611429999995e-01
  8.1795358680000003e+00  2.9162544050000000e-01
l=0 n=4
  1.9272068879999999e+01 -6.2207145649999997e-02
  4.1719893949999998e+00  2.9768045960000000e-05
  1.3564717490000000e+00  5.5885492209999998e-01
  5.2097493120000005e-01  4.9776732180000000e-01
l=1 n=4
  1.9272068879999999e+01  4.3684348839999998e-02
  4.1719893949999998e+00  2.8637939839999998e-01
  1.3564717490000000e+00  5.8357531409999996e-01
  5.2097493120000005e-01  2.4631343780000001e-01
end=10
element=11
l=0 n=4
  5.8727114459999996e+02  5.6752420800000002e-02
  1.0746338400000000e+02  2.6014135500000002e-01
  2.9854504810000002e+01  5.3284611429999995e-01
  9.9084417640000009e+00  2.9162544050000000e-01
l=0 n=4
  2.8138558910000000e+01 -6.2207145649999997e-02
  6.0913942390000004e+00  2.9768045960000000e-05
  1.9805429530000001e+00  5.5885492209999998e-01
  7.6065957839999998e-01  4.9776732180000000e-01
l=0 n=4
  2.8227284340000001e+00 -8.5290196439999993e-02
  7.7626110020000005e-01 -2.1320740340000000e-01
  3.0552959200000002e-01  5.9208439280000003e-01
  1.3597471929999999e-01  6.1155847460000001e-01
l=1 n=4
  2.8138558910000000e+01  4.3684348839999998e-02
  6.0913942390000004e+00  2.8637939839999998e-01
  1.9805429530000001e+00  5.8357531409999996e-01
  7.6065957839999998e-01  2.4631343780000001e-01
l=1 n=4
  2.8227284340000001e+00 -2.5049451810000001e-02
  7.7626110020000005e-01  1.6866044610000000e-01
  3.0552959200000002e-01  6.4095531510000003e-01
  1.3597471929999999e-01  2.7795089569999998e-01
end=11
element=12
l=0 n=4
  7.0076881419999995e+02  5.6752420800000002e-02
  1.2823205920000001e+02  2.6014135500000002e-01
  3.5624270209999999e+01  5.3284611429999995e-01
  1.1823375029999999e+01  2.9162544050000000e-01
l=0 n=4
  3.5340490899999999e+01 -6.2207145649999997e-02
  7.6504579840000000e+00  2.9768045960000000e-05
  2.4874536200000001e+00  5.5885492209999998e-01
  9.5534682479999999e-01  4.9776732180000000e-01
l=0 n=4
  2.6637339350000002e+00 -8.5290196439999993e-02
  7.3253700550000000e-01 -2.1320740340000000e-01
  2.8832016999999999e-01  5.9208439280000003e-01
  1.2831573509999999e-01  6.1155847460000001e-01
l=1 n=4
  3.5340490899999999e+01  4.3684348839999998e-02
  7.6504579840000000e+00  2.8637939839999998e-01
  2.4874536200000001e+00  5.8357531409999996e-01
  9.5534682479999999e-01  2.4631343780000001e-01
l=1 n=4
  2.6637339350000002e+00 -2.5049451810000001e-02
  7.3253700550000000e-01  1.6866044610000000e-01
  2.8832016999999999e-01  6.4095531510000003e-01
  1.2831573509999999e-01  2.7795089569999998e-01
end=12
element=13
l=0 n=4
  8.2297600590000002e+02  5.6752420800000002e-02
  1.5059446969999999e+02  2.6014135500000002e-01
  4.1836792690000003e+01  5.3284611429999995e-01
  1.3885255389999999e+01  2.9162544050000000e-01
l=0 n=4
  4.4168875460000002e+01 -6.2207145649999997e-02
  9.5616138129999992e+00  2.9768045960000000e-05
  3.1088427570000001e+00  5.5885492209999998e-01
  1.1940013810000001e+00  4.9776732180000000e-01
l=0 n=4
  2.6637339350000002e+00 -8.5290196439999993e-02
  7.3253700550000000e-01 -2.1320740340000000e-01
  2.8832016999999999e-01  5.9208439280000003e-01
  1.2831573509999999e-01  6.1155847460000001e-01
l=1 n=4
  4.4168875460000002e+01  4.3684348839999998e-02
  9.5616138129999992e+00  2.8637939839999998e-01
  3.1088427570000001e+00  5.8357531409999996e-01
  1.1940013810000001e+00  2.4631343780000001e-01
l=1 n=4
  2.6637339350000002e+00 -2.5049451810000001e-02
  7.3253700550000000e-01  1.6866044610000000e-01
  2.8832016999999999e-01  6.4095531510000003e-01
  1.2831573509999999e-01  2.7795089569999998e-01
end=13
element=14
l=0 n=4
  9.5500025559999995e+02  5.6752420800000002e-02
  1.7475328080000000e+02  2.6014135500000002e-01
  4.8548374950000003e+01  5.3284611429999995e-01
  1.6112769210000000e+01  2.9162544050000000e-01
l=0 n=4
  5.4204784879999998e+01 -6.2207145649999997e-02
  1.1734172859999999e+01  2.9768045960000000e-05
  3.8152239809999999e+00  5.5885492209999998e-01
  1.4652985230000000e+00  4.9776732180000000e-01
l=0 n=4
  2.8227284340000001e+00 -8.5290196439999993e-02
  7.7626110020000005e-01 -2.1320740340000000e-01
  3.0552959200000002e-01  5.9208439280000003e-01
  1.3597471929999999e-01  6.1155847460000001e-01
l=1 n=4
  5.4204784879999998e+01  4.3684348839999998e-02
  1.1734172859999999e+01  2.8637939839999998e-01
  3.8152239809999999e+00  5.8357531409999996e-01
  1.4652985230000000e+00  2.4631343780000001e-01
l=1 n=4
  2.8227284340000001e+00 -2.5049451810000001e-02
  7.7626110020000005e-01  1.6866044610000000e-01
  3.0552959200000002e-01  6.4095531510000003e-01
  1.3597471929999999e-01  2.7795089569999998e-01
end=14
element=15
l=0 n=4
  1.0968415630000000e+03  5.6752420800000002e-02
  2.0070849250000001e+02  2.6014135500000002e-01
  5.5759016989999999e+01  5.3284611429999995e-01
  1.8505916480000000e+01  2.9162544050000000e-01
l=0 n=4
  6.5513741969999998e+01 -6.2207145649999997e-02
  1.4182319420000001e+01  2.9768045960000000e-05
  4.6112091389999996e+00  5.5885492209999998e-01
  1.7710095070000000e+00  4.9776732180000000e-01
l=0 n=4
  3.3273631500000000e+00 -8.5290196439999993e-02
  9.1503757440000000e-01 -2.1320740340000000e-01
  3.6015080059999999e-01  5.9208439280000003e-01
  1.6028366910000000e-01  6.1155847460000001e-01
l=1 n=4
  6.5513741969999998e+01  4.3684348839999998e-02
  1.4182319420000001e+01  2.8637939839999998e-01
  4.6112091389999996e+00  5.8357531409999996e-01
  1.7710095070000000e+00  2.4631343780000001e-01
l=1 n=4
  3.3273631500000000e+00 -2.5049451810000001e-02
  9.1503757440000000e-01  1.6866044610000000e-01
  3.6015080059999999e-01  6.4095531510000003e-01
  1.6028366910000000e-01  2.7795089569999998e-01
end=15
element=16
l=0 n=4
  1.2484999290000001e+03  5.6752420800000002e-02
  2.2846010500000000e+02  2.6014135500000002e-01
  6.3468718809999999e+01  5.3284611429999995e-01
  2.1064697209999999e+01  2.9162544050000000e-01
l=0 n=4
  7.7893369550000003e+01 -6.2207145649999997e-02
  1.6862243159999998e+01  2.9768045960000000e-05
  5.4825538390000004e+00  5.5885492209999998e-01
  2.1056635429999999e+00  4.9776732180000000e-01
l=0 n=4
  3.8734746919999998e+00 -8.5290196439999993e-02
  1.0652203339999999e+00 -2.1320740340000000e-01
  4.1926142370000002e-01  5.9208439280000003e-01
  1.8659061480000000e-01  6.1155847460000001e-01
l=1 n=4
  7.7893369550000003e+01  4.3684348839999998e-02
  1.6862243159999998e+01  2.8637939839999998e-01
  5.4825538390000004e+00  5.8357531409999996e-01
  2.1056635429999999e+00  2.4631343780000001e-01
l=1 n=4
  3.8734746919999998e+00 -2.5049451810000001e-02
  1.0652203339999999e+00  1.6866044610000000e-01
  4.1926142370000002e-01  6.4095531510000003e-01
  1.8659061480000000e-01  2.7795089569999998e-01
end=16
element=17
l=0 n=4
  1.4082605759999999e+03  5.6752420800000002e-02
  2.5769433509999999e+02  2.6014135500000002e-01
  7.1590308050000004e+01  5.3284611429999995e-01
  2.3760179659999999e+01  2.9162544050000000e-01
l=0 n=4
  9.1052532610000000e+01 -6.2207145649999997e-02
  1.9710919610000001e+01  2.9768045960000000e-05
  6.4087664340000003e+00  5.5885492209999998e-01
  2.4613904820000001e+00  4.9776732180000000e-01
l=0 n=4
  4.0647289459999998e+00 -8.5290196439999993e-02
  1.1178159839999999e+00 -2.1320740340000000e-01
  4.3996261240000001e-01  5.9208439280000003e-01
  1.9580359570000000e-01  6.1155847460000001e-01
l=1 n=4
  9.1052532610000000e+01  4.3684348839999998e-02
  1.9710919610000001e+01  2.8637939839999998e-01
  6.4087664340000003e+00  5.8357531409999996e-01
  2.4613904820000001e+00  2.4631343780000001e-01
l=1 n=4
  4.0647289459999998e+00 -2.5049451810000001e-02
  1.1178159839999999e+00  1.6866044610000000e-01
  4.3996261240000001e-01  6.4095531510000003e-01
  1.9580359570000000e-01  2.7795089569999998e-01
end=17
element=18
l=0 n=4
  1.5794518510000000e+03  5.6752420800000002e-02
  2.8902022920000002e+02  2.6014135500000002e-01
  8.0292984469999993e+01  5.3284611429999995e-01
  2.6648519730000000e+01  2.9162544050000000e-01
l=0 n=4
  1.0555119550000001e+02 -6.2207145649999997e-02
  2.2849569039999999e+01  2.9768045960000000e-05
  7.4292602270000003e+00  5.5885492209999998e-01
  2.8533276409999999e+00  4.9776732180000000e-01
l=0 n=4
  5.0038564560000003e+00 -8.5290196439999993e-02
  1.3760796360000001e+00 -2.1320740340000000e-01
  5.4161293119999998e-01  5.9208439280000003e-01
  2.4104266229999999e-01  6.1155847460000001e-01
l=1 n=4
  1.0555119550000001e+02  4.3684348839999998e-02
  2.2849569039999999e+01  2.8637939839999998e-01
  7.4292602270000003e+00  5.8357531409999996e-01
  2.8533276409999999e+00  2.4631343780000001e-01
l=1 n=4
  5.0038564560000003e+00 -2.5049451810000001e-02
  1.3760796360000001e+00  1.6866044610000000e-01
  5.4161293119999998e-01  6.4095531510000003e-01
  2.4104266229999999e-01  2.7795089569999998e-01
end=18
element=19
l=0 n=4
  1.8067607230000001e+03  5.6752420800000002e-02
  3.3061495220000000e+02  2.6014135500000002e-01
  9.1848453980000002e+01  5.3284611429999995e-01
  3.0483676180000000e+01  2.9162544050000000e-01
l=0 n=4
  1.2246630230000000e+02 -6.2207145649999997e-02
  2.6511326709999999e+01  2.9768045960000000e-05
  8.6198363180000008e+00  5.5885492209999998e-01
  3.3105876599999999e+00  4.9776732180000000e-01
l=0 n=4
  6.9704110320000003e+00 -8.5290196439999993e-02
  1.9168896559999999e+00 -2.1320740340000000e-01
  7.5447103319999997e-01  5.9208439280000003e-01
  3.3577430670000002e-01  6.1155847460000001e-01
l=0 n=4
  8.9761453800000002e-01 -5.8935598130000003e-02
  3.3218377069999999e-01 -4.2892302609999999e-01
  1.4281533290000001e-01  5.4729984679999999e-01
  7.0941765069999996e-02  7.8536920300000002e-01
l=1 n=4
  1.2246630230000000e+02  4.3684348839999998e-02
  2.6511326709999999e+01  2.8637939839999998e-01
  8.6198363180000008e+00  5.8357531409999996e-01
  3.3105876599999999e+00  2.4631343780000001e-01
l=1 n=4
  6.9704110320000003e+00 -2.5049451810000001e-02
  1.9168896559999999e+00  1.6866044610000000e-01
  7.5447103319999997e-01  6.4095531510000003e-01
  3.3577430670000002e-01  2.7795089569999998e-01
l=1 n=4
  8.9761453800000002e-01 -7.1805226570000005e-02
  3.3218377069999999e-01  3.7268634250000002e-02
  1.4281533290000001e-01  6.9658422490000005e-01
  7.0941765069999996e-02  3.3102368500000001e-01
end=19
element=20
l=0 n=4
  2.0000150770000000e+03  5.6752420800000002e-02
  3.6597811799999999e+02  2.6014135500000002e-01
  1.0167272869999999e+02  5.3284611429999995e-01
  3.3744264639999997e+01  2.9162544050000000e-01
l=0 n=4
  1.3919552880000001e+02 -6.2207145649999997e-02
  3.0132845280000002e+01  2.9768045960000000e-05
  9.7973291560000000e+00  5.5885492209999998e-01
  3.7628228429999999e+00  4.9776732180000000e-01
l=0 n=4
  8.3507598000000005e+00 -8.5290196439999993e-02
  2.2964908390000001e+00 -2.1320740340000000e-01
  9.0387874479999997e-01  5.9208439280000003e-01
  4.0226760950000001e-01  6.1155847460000001e-01
l=0 n=4
  8.1188706020000001e-01 -5.8935598130000003e-02
  3.0045826310000001e-01 -4.2892302609999999e-01
  1.2917562699999999e-01  5.4729984679999999e-01
  6.4166408470000005e-02  7.8536920300000002e-01
l=1 n=4
  1.3919552880000001e+02  4.3684348839999998e-02
  3.0132845280000002e+01  2.8637939839999998e-01
  9.7973291560000000e+00  5.8357531409999996e-01
  3.7628228429999999e+00  2.4631343780000001e-01
l=1 n=4
  8.3507598000000005e+00 -2.5049451810000001e-02
  2.2964908390000001e+00  1.6866044610000000e-01
  9.0387874479999997e-01  6.4095531510000003e-01
  4.0226760950000001e-01  2.7795089569999998e-01
l=1 n=4
  8.1188706020000001e-01 -7.1805226570000005e-02
  3.0045826310000001e-01  3.7268634250000002e-02
  1.2917562699999999e-01  6.9658422490000005e-01
  6.4166408470000005e-02  3.3102368500000001e-01
end=20
element=21
l=0 n=4
  2.2052311340000001e+03  5.6752420800000002e-02
  4.0353012810000001e+02  2.6014135500000002e-01
  1.1210508830000001e+02  5.3284611429999995e-01
  3.7206671000000000e+01  2.9162544050000000e-01
l=0 n=4
  1.5699542570000000e+02 -6.2207145649999997e-02
  3.3986141040000000e+01  2.9768045960000000e-05
  1.1050181540000001e+01  5.5885492209999998e-01
  4.2440010780000001e+00  4.9776732180000000e-01
l=0 n=4
  8.9050036979999998e+00 -8.8888587820000003e-02
  2.6662642779999999e+00 -2.0261893260000000e-01
  1.0575497679999999e+00  5.4508865309999999e-01
  4.7015498000000000e-01  6.5170161670000004e-01
l=0 n=4
  1.1237191140000000e+00 -5.8935598130000003e-02
  4.1585918770000002e-01 -4.2892302609999999e-01
  1.7878979519999999e-01  5.4729984679999999e-01
  8.8811638020000000e-02  7.8536920300000002e-01
l=1 n=4
  1.5699542570000000e+02  4.3684348839999998e-02
  3.3986141040000000e+01  2.8637939839999998e-01
  1.1050181540000001e+01  5.8357531409999996e-01
  4.2440010780000001e+00  2.4631343780000001e-01
l=1 n=4
  8.9050036979999998e+00 -2.5803639920000000e-02
  2.6662642779999999e+00  1.5914098199999999e-01
  1.0575497679999999e+00  6.2841248299999997e-01
  4.7015498000000000e-01  3.0098385770000002e-01
l=1 n=4
  1.1237191140000000e+00 -7.1805226570000005e-02
  4.1585918770000002e-01  3.7268634250000002e-02
  1.7878979519999999e-01  6.9658422490000005e-01
  8.8811638020000000e-02  3.3102368500000001e-01
l=2 n=4
  1.0457055420000001e+00  6.9207724260000006e-02
  3.1309670680000001e-01  3.7281576950000000e-01
  1.2418699540000000e-01  5.6640926589999996e-01
  5.5209821899999997e-02  1.5859465370000000e-01
end=21
element=22
l=0 n=4
  2.4204677050000000e+03  5.6752420800000002e-02
  4.4291576889999999e+02  2.6014135500000002e-01
  1.2304685060000000e+02  5.3284611429999995e-01
  4.0838143539999997e+01  2.9162544050000000e-01
l=0 n=4
  1.7586599319999999e+02 -6.2207145649999997e-02
  3.8071213989999997e+01  2.9768045960000000e-05
  1.2378393460000000e+01  5.5885492209999998e-01
  4.7541223649999997e+00  4.9776732180000000e-01
l=0 n=4
  1.0226827360000000e+01 -8.8888587820000003e-02
  3.0620340410000000e+00 -2.0261893260000000e-01
  1.2145282879999999e+00  5.4508865309999999e-01
  5.3994293260000004e-01  6.5170161670000004e-01
l=0 n=4
  1.2685735320000000e+00 -5.8935598130000003e-02
  4.6946603609999998e-01 -4.2892302609999999e-01
  2.0183691719999999e-01  5.4729984679999999e-01
  1.0026001320000000e-01  7.8536920300000002e-01
l=1 n=4
  1.7586599319999999e+02  4.3684348839999998e-02
  3.8071213989999997e+01  2.8637939839999998e-01
  1.2378393460000000e+01  5.8357531409999996e-01
  4.7541223649999997e+00  2.4631343780000001e-01
l=1 n=4
  1.0226827360000000e+01 -2.5803639920000000e-02
  3.0620340410000000e+00  1.5914098199999999e-01
  1.2145282879999999e+00  6.2841248299999997e-01
  5.3994293260000004e-01  3.0098385770000002e-01
l=1 n=4
  1.2685735320000000e+00 -7.1805226570000005e-02
  4.6946603609999998e-01  3.7268634250000002e-02
  2.0183691719999999e-01  6.9658422490000005e-01
  1.0026001320000000e-01  3.3102368500000001e-01
l=2 n=4
  3.1198322369999998e+00  6.9207724260000006e-02
  9.3411496810000005e-01  3.7281576950000000e-01
  3.7050830860000000e-01  5.6640926589999996e-01
  1.6471690659999999e-01  1.5859465370000000e-01
end=22
element=23
l=0 n=4
  2.6480749810000002e+03  5.6752420800000002e-02
  4.8456509610000001e+02  2.6014135500000002e-01
  1.3461748969999999e+02  5.3284611429999995e-01
  4.4678334659999997e+01  2.9162544050000000e-01
l=0 n=4
  1.9580723110000000e+02 -6.2207145649999997e-02
  4.2388064129999997e+01  2.9768045960000000e-05
  1.3781964920000000e+01  5.5885492209999998e-01
  5.2931867029999999e+00  4.9776732180000000e-01
l=0 n=4
  1.1640085429999999e+01 -8.8888587820000003e-02
  3.4851803590000001e+00 -2.0261893260000000e-01
  1.3823654729999999e+00  5.4508865309999999e-01
  6.1455832239999997e-01  6.5170161670000004e-01
l=0 n=4
  1.2685735320000000e+00 -5.8935598130000003e-02
  4.6946603609999998e-01 -4.2892302609999999e-01
  2.0183691719999999e-01  5.4729984679999999e-01
  1.0026001320000000e-01  7.8536920300000002e-01
l=1 n=4
  1.9580723110000000e+02  4.3684348839999998e-02
  4.2388064129999997e+01  2.8637939839999998e-01
  1.3781964920000000e+01  5.8357531409999996e-01
  5.2931867029999999e+00  2.4631343780000001e-01
l=1 n=4
  1.1640085429999999e+01 -2.5803639920000000e-02
  3.4851803590000001e+00  1.5914098199999999e-01
  1.3823654729999999e+00  6.2841248299999997e-01
  6.1455832239999997e-01  3.0098385770000002e-01
l=1 n=4
  1.2685735320000000e+00 -7.1805226570000005e-02
  4.6946603609999998e-01  3.7268634250000002e-02
  2.0183691719999999e-01  6.9658422490000005e-01
  1.0026001320000000e-01  3.3102368500000001e-01
l=2 n=4
  5.6195870130000003e+00  6.9207724260000006e-02
  1.6825713520000001e+00  3.7281576950000000e-01
  6.6737680799999999e-01  5.6640926589999996e-01
  2.9669575770000001e-01  1.5859465370000000e-01
end=23
element=24
l=0 n=4
  2.8859083150000001e+03  5.6752420800000002e-02
  5.2808566589999998e+02  2.6014135500000002e-01
  1.4670798060000001e+02  5.3284611429999995e-01
  4.8691059889999998e+01  2.9162544050000000e-01
l=0 n=4
  2.1681913950000001e+02 -6.2207145649999997e-02
  4.6936691459999999e+01  2.9768045960000000e-05
  1.5260895919999999e+01  5.5885492209999998e-01
  5.8611940940000000e+00  4.9776732180000000e-01
l=0 n=4
  1.3077455230000000e+01 -8.8888587820000003e-02
  3.9155460139999998e+00 -2.0261893260000000e-01
  1.5530661429999999e+00  5.4508865309999999e-01
  6.9044673219999997e-01  6.5170161670000004e-01
l=0 n=4
  1.3442928860000001e+00 -5.8935598130000003e-02
  4.9748779780000002e-01 -4.2892302609999999e-01
  2.1388427650000000e-01  5.4729984679999999e-01
  1.0624439120000000e-01  7.8536920300000002e-01
l=1 n=4
  2.1681913950000001e+02  4.3684348839999998e-02
  4.6936691459999999e+01  2.8637939839999998e-01
  1.5260895919999999e+01  5.8357531409999996e-01
  5.8611940940000000e+00  2.4631343780000001e-01
l=1 n=4
  1.3077455230000000e+01 -2.5803639920000000e-02
  3.9155460139999998e+00  1.5914098199999999e-01
  1.5530661429999999e+00  6.2841248299999997e-01
  6.9044673219999997e-01  3.0098385770000002e-01
l=1 n=4
  1.3442928860000001e+00 -7.1805226570000005e-02
  4.9748779780000002e-01  3.7268634250000002e-02
  2.1388427650000000e-01  6.9658422490000005e-01
  1.0624439120000000e-01  3.3102368500000001e-01
l=2 n=4
  8.0394014899999995e+00  6.9207724260000006e-02
  2.4070926570000002e+00  3.7281576950000000e-01
  9.5475167340000000e-01  5.6640926589999996e-01
  4.2445402329999998e-01  1.5859465370000000e-01
end=24
element=25
l=0 n=4
  3.1314109319999998e+03  5.6752420800000002e-02
  5.7300962019999997e+02  2.6014135500000002e-01
  1.5918834699999999e+02  5.3284611429999995e-01
  5.2833181300000000e+01  2.9162544050000000e-01
l=0 n=4
  2.3843074429999999e+02 -6.2207145649999997e-02
  5.1615140160000003e+01  2.9768045960000000e-05
  1.6782036770000001e+01  5.5885492209999998e-01
  6.4454128590000002e+00  4.9776732180000000e-01
l=0 n=4
  1.4598481469999999e+01 -8.8888587820000003e-02
  4.3709594049999998e+00 -2.0261893260000000e-01
  1.7337017729999999e+00  5.4508865309999999e-01
  7.7075192760000000e-01  6.5170161670000004e-01
l=0 n=4
  1.1950489410000000e+00 -5.8935598130000003e-02
  4.4225649940000000e-01 -4.2892302609999999e-01
  1.9013875680000000e-01  5.4729984679999999e-01
  9.4449095509999997e-02  7.8536920300000002e-01
l=1 n=4
  2.3843074429999999e+02  4.3684348839999998e-02
  5.1615140160000003e+01  2.8637939839999998e-01
  1.6782036770000001e+01  5.8357531409999996e-01
  6.4454128590000002e+00  2.4631343780000001e-01
l=1 n=4
  1.4598481469999999e+01 -2.5803639920000000e-02
  4.3709594049999998e+00  1.5914098199999999e-01
  1.7337017729999999e+00  6.2841248299999997e-01
  7.7075192760000000e-01  3.0098385770000002e-01
l=1 n=4
  1.1950489410000000e+00 -7.1805226570000005e-02
  4.4225649940000000e-01  3.7268634250000002e-02
  1.9013875680000000e-01  6.9658422490000005e-01
  9.4449095509999997e-02  3.3102368500000001e-01
l=2 n=4
  1.0286372080000000e+01  6.9207724260000006e-02
  3.0798624399999999e+00  3.7281576950000000e-01
  1.2215997629999999e+00  5.6640926589999996e-01
  5.4308669840000001e-01  1.5859465370000000e-01
end=25
element=26
l=0 n=4
  3.3895930890000000e+03  5.6752420800000002e-02
  6.2025377409999999e+02  2.6014135500000002e-01
  1.7231329030000001e+02  5.3284611429999995e-01
  5.7189231990000003e+01  2.9162544050000000e-01
l=0 n=4
  2.6156168810000003e+02 -6.2207145649999997e-02
  5.6622493179999999e+01  2.9768045960000000e-05
  1.8410116870000000e+01  5.5885492209999998e-01
  7.0707033729999997e+00  4.9776732180000000e-01
l=0 n=4
  1.6203164160000000e+01 -8.8888587820000003e-02
  4.8514205339999998e+00 -2.0261893260000000e-01
  1.9242723620000000e+00  5.4508865309999999e-01
  8.5547390889999997e-01  6.5170161670000004e-01
l=0 n=4
  1.0545840520000000e+00 -5.8935598130000003e-02
  3.9027410099999998e-01 -4.2892302609999999e-01
  1.6779003240000001e-01  5.4729984679999999e-01
  8.3347640759999994e-02  7.8536920300000002e-01
l=1 n=4
  2.6156168810000003e+02  4.3684348839999998e-02
  5.6622493179999999e+01  2.8637939839999998e-01
  1.8410116870000000e+01  5.8357531409999996e-01
  7.0707033729999997e+00  2.4631343780000001e-01
l=1 n=4
  1.6203164160000000e+01 -2.5803639920000000e-02
  4.8514205339999998e+00  1.5914098199999999e-01
  1.9242723620000000e+00  6.2841248299999997e-01
  8.5547390889999997e-01  3.0098385770000002e-01
l=1 n=4
  1.0545840520000000e+00 -7.1805226570000005e-02
  3.9027410099999998e-01  3.7268634250000002e-02
  1.6779003240000001e-01  6.9658422490000005e-01
  8.3347640759999994e-02  3.3102368500000001e-01
l=2 n=4
  1.2153086099999999e+01  6.9207724260000006e-02
  3.6387788749999999e+00  3.7281576950000000e-01
  1.4432889449999999e+00  5.6640926589999996e-01
  6.4164307470000004e-01  1.5859465370000000e-01
end=26
element=27
l=0 n=4
  3.6552389859999998e+03  5.6752420800000002e-02
  6.6886370039999997e+02  2.6014135500000002e-01
  1.8581766010000001e+02  5.3284611429999995e-01
  6.1671210930000001e+01  2.9162544050000000e-01
l=0 n=4
  2.8576330230000002e+02 -6.2207145649999997e-02
  6.1861623379999997e+01  2.9768045960000000e-05
  2.0113556509999999e+01  5.5885492209999998e-01
  7.7249369379999999e+00  4.9776732180000000e-01
l=0 n=4
  1.7891503289999999e+01 -8.8888587820000003e-02
  5.3569293980000001e+00 -2.0261893260000000e-01
  2.1247779109999998e+00  5.4508865309999999e-01
  9.4461267589999998e-01  6.5170161670000004e-01
l=0 n=4
  1.0545840520000000e+00 -5.8935598130000003e-02
  3.9027410099999998e-01 -4.2892302609999999e-01
  1.6779003240000001e-01  5.4729984679999999e-01
  8.3347640759999994e-02  7.8536920300000002e-01
l=1 n=4
  2.8576330230000002e+02  4.3684348839999998e-02
  6.1861623379999997e+01  2.8637939839999998e-01
  2.0113556509999999e+01  5.8357531409999996e-01
  7.7249369379999999e+00  2.4631343780000001e-01
l=1 n=4
  1.7891503289999999e+01 -2.5803639920000000e-02
  5.3569293980000001e+00  1.5914098199999999e-01
  2.1247779109999998e+00  6.2841248299999997e-01
  9.4461267589999998e-01  3.0098385770000002e-01
l=1 n=4
  1.0545840520000000e+00 -7.1805226570000005e-02
  3.9027410099999998e-01  3.7268634250000002e-02
  1.6779003240000001e-01  6.9658422490000005e-01
  8.3347640759999994e-02  3.3102368500000001e-01
l=2 n=4
  1.4527529060000001e+01  6.9207724260000006e-02
  4.3497154059999996e+00  3.7281576950000000e-01
  1.7252755310000001e+00  5.6640926589999996e-01
  7.6700587279999999e-01  1.5859465370000000e-01
end=27
element=28
l=0 n=4
  3.9337699680000001e+03  5.6752420800000002e-02
  7.1983143840000002e+02  2.6014135500000002e-01
  1.9997705579999999e+02  5.3284611429999995e-01
  6.6370587080000007e+01  2.9162544050000000e-01
l=0 n=4
  3.1049816070000003e+02 -6.2207145649999997e-02
  6.7216189479999997e+01  2.9768045960000000e-05
  2.1854528729999998e+01  5.5885492209999998e-01
  8.3935854990000003e+00  4.9776732180000000e-01
l=0 n=4
  1.9581138750000001e+01 -8.8888587820000003e-02
  5.8628263990000002e+00 -2.0261893260000000e-01
  2.3254374109999998e+00  5.4508865309999999e-01
  1.0338198850000000e+00  6.5170161670000004e-01
l=0 n=4
  1.1237191140000000e+00 -5.8935598130000003e-02
  4.1585918770000002e-01 -4.2892302609999999e-01
  1.7878979519999999e-01  5.4729984679999999e-01
  8.8811638020000000e-02  7.8536920300000002e-01
l=1 n=4
  3.1049816070000003e+02  4.3684348839999998e-02
  6.7216189479999997e+01  2.8637939839999998e-01
  2.1854528729999998e+01  5.8357531409999996e-01
  8.3935854990000003e+00  2.4631343780000001e-01
l=1 n=4
  1.9581138750000001e+01 -2.5803639920000000e-02
  5.8628263990000002e+00  1.5914098199999999e-01
  2.3254374109999998e+00  6.2841248299999997e-01
  1.0338198850000000e+00  3.0098385770000002e-01
l=1 n=4
  1.1237191140000000e+00 -7.1805226570000005e-02
  4.1585918770000002e-01  3.7268634250000002e-02
  1.7878979519999999e-01  6.9658422490000005e-01
  8.8811638020000000e-02  3.3102368500000001e-01
l=2 n=4
  1.6353192660000001e+01  6.9207724260000006e-02
  4.8963408540000000e+00  3.7281576950000000e-01
  1.9420896040000000e+00  5.6640926589999996e-01
  8.6339492129999995e-01  1.5859465370000000e-01
end=28
element=29
l=0 n=4
  4.2195591450000002e+03  5.6752420800000002e-02
  7.7212733679999997e+02  2.6014135500000002e-01
  2.1450542899999999e+02  5.3284611429999995e-01
  7.1192423539999993e+01  2.9162544050000000e-01
l=0 n=4
  3.3681881030000000e+02 -6.2207145649999997e-02
  7.2914045369999997e+01  2.9768045960000000e-05
  2.3707117459999999e+01  5.5885492209999998e-01
  9.1051021880000000e+00  4.9776732180000000e-01
l=0 n=4
  2.1432988200000000e+01 -8.8888587820000003e-02
  6.4172922039999998e+00 -2.0261893260000000e-01
  2.5453612900000002e+00  5.4508865309999999e-01
  1.1315914600000001e+00  6.5170161670000004e-01
l=0 n=4
  1.1237191140000000e+00 -5.8935598130000003e-02
  4.1585918770000002e-01 -4.2892302609999999e-01
  1.7878979519999999e-01  5.4729984679999999e-01
  8.8811638020000000e-02  7.8536920300000002e-01
l=1 n=4
  3.3681881030000000e+02  4.3684348839999998e-02
  7.2914045369999997e+01  2.8637939839999998e-01
  2.3707117459999999e+01  5.8357531409999996e-01
  9.1051021880000000e+00  2.4631343780000001e-01
l=1 n=4
  2.1432988200000000e+01 -2.5803639920000000e-02
  6.4172922039999998e+00  1.5914098199999999e-01
  2.5453612900000002e+00  6.2841248299999997e-01
  1.1315914600000001e+00  3.0098385770000002e-01
l=1 n=4
  1.1237191140000000e+00 -7.1805226570000005e-02
  4.1585918770000002e-01  3.7268634250000002e-02
  1.7878979519999999e-01  6.9658422490000005e-01
  8.8811638020000000e-02  3.3102368500000001e-01
l=2 n=4
  1.8286883690000000e+01  6.9207724260000006e-02
  5.4753110039999999e+00  3.7281576950000000e-01
  2.1717329109999999e+00  5.6640926589999996e-01
  9.6548746389999995e-01  1.5859465370000000e-01
end=29
element=30
l=0 n=4
  4.5184389499999997e+03  5.6752420800000002e-02
  8.2681865879999998e+02  2.6014135500000002e-01
  2.2969927709999999e+02  5.3284611429999995e-01
  7.6235125150000002e+01  2.9162544050000000e-01
l=0 n=4
  3.6421013049999999e+02 -6.2207145649999997e-02
  7.8843678449999999e+01  2.9768045960000000e-05
  2.5635065740000002e+01  5.5885492209999998e-01
  9.8455619280000004e+00  4.9776732180000000e-01
l=0 n=4
  2.3278701689999998e+01 -8.8888587820000003e-02
  6.9699208290000003e+00 -2.0261893260000000e-01
  2.7645564690000000e+00  5.4508865309999999e-01
  1.2290390769999999e+00  6.5170161670000004e-01
l=0 n=4
  1.5846195329999999e+00 -5.8935598130000003e-02
  5.8642643270000006e-01 -4.2892302609999999e-01
  2.5212154710000001e-01  5.4729984679999999e-01
  1.2523828640000001e-01  7.8536920300000002e-01
l=1 n=4
  3.6421013049999999e+02  4.3684348839999998e-02
  7.8843678449999999e+01  2.8637939839999998e-01
  2.5635065740000002e+01  5.8357531409999996e-01
  9.8455619280000004e+00  2.4631343780000001e-01
l=1 n=4
  2.3278701689999998e+01 -2.5803639920000000e-02
  6.9699208290000003e+00  1.5914098199999999e-01
  2.7645564690000000e+00  6.2841248299999997e-01
  1.2290390769999999e+00  3.0098385770000002e-01
l=1 n=4
  1.5846195329999999e+00 -7.1805226570000005e-02
  5.8642643270000006e-01  3.7268634250000002e-02
  2.5212154710000001e-01  6.9658422490000005e-01
  1.2523828640000001e-01  3.3102368500000001e-01
l=2 n=4
  2.0749909140000000e+01  6.9207724260000006e-02
  6.2127701899999996e+00  3.7281576950000000e-01
  2.4642394710000000e+00  5.6640926589999996e-01
  1.0955271270000000e+00  1.5859465370000000e-01
end=30
element=31
l=0 n=4
  4.8275448139999999e+03  5.6752420800000002e-02
  8.8338122360000000e+02  2.6014135500000002e-01
  2.4541297700000001e+02  5.3284611429999995e-01
  8.1450360869999997e+01  2.9162544050000000e-01
l=0 n=4
  3.9206824250000000e+02 -6.2207145649999997e-02
  8.4874361949999994e+01  2.9768045960000000e-05
  2.7595869329999999e+01  5.5885492209999998e-01
  1.0598640290000001e+01  4.9776732180000000e-01
l=0 n=4
  1.4222070040000001e+00 -5.8935598130000003e-02
  5.2632178439999999e-01 -4.2892302609999999e-01
  2.2628083450000000e-01  5.4729984679999999e-01
  1.1240222940000000e-01  7.8536920300000002e-01
l=0 n=4
  2.3910878220000001e+01 -8.8888587820000003e-02
  7.1592020200000004e+00 -2.0261893260000000e-01
  2.8396331520000002e+00  5.4508865309999999e-01
  1.2624159239999999e+00  6.5170161670000004e-01
l=1 n=4
  3.9206824250000000e+02  4.3684348839999998e-02
  8.4874361949999994e+01  2.8637939839999998e-01
  2.7595869329999999e+01  5.8357531409999996e-01
  1.0598640290000001e+01  2.4631343780000001e-01
l=1 n=4
  1.4222070040000001e+00 -7.1805226570000005e-02
  5.2632178439999999e-01  3.7268634250000002e-02
  2.2628083450000000e-01  6.9658422490000005e-01
  1.1240222940000000e-01  3.3102368500000001e-01
l=1 n=4
  2.3910878220000001e+01 -2.5803639920000000e-02
  7.1592020200000004e+00  1.5914098199999999e-01
  2.8396331520000002e+00  6.2841248299999997e-01
  1.2624159239999999e+00  3.0098385770000002e-01
l=2 n=4
  2.3910878220000001e+01  6.9207724260000006e-02
  7.1592020200000004e+00  3.7281576950000000e-01
  2.8396331520000002e+00  5.6640926589999996e-01
  1.2624159239999999e+00  1.5859465370000000e-01
end=31
element=32
l=0 n=4
  5.1436000370000002e+03  5.6752420800000002e-02
  9.4121543540000005e+02  2.6014135500000002e-01
  2.6147995429999997e+02  5.3284611429999995e-01
  8.6782846210000002e+01  2.9162544050000000e-01
l=0 n=4
  4.2157859789999998e+02 -6.2207145649999997e-02
  9.1262720709999996e+01  2.9768045960000000e-05
  2.9672966700000000e+01  5.5885492209999998e-01
  1.1396383150000000e+01  4.9776732180000000e-01
l=0 n=4
  1.7558111160000001e+00 -5.8935598130000003e-02
  6.4977998079999999e-01 -4.2892302609999999e-01
  2.7935905500000002e-01  5.4729984679999999e-01
  1.3876818439999999e-01  7.8536920300000002e-01
l=0 n=4
  2.6908682670000001e+01 -8.8888587820000003e-02
  8.0567804140000003e+00 -2.0261893260000000e-01
  3.1956495569999999e+00  5.4508865309999999e-01
  1.4206901640000000e+00  6.5170161670000004e-01
l=1 n=4
  4.2157859789999998e+02  4.3684348839999998e-02
  9.1262720709999996e+01  2.8637939839999998e-01
  2.9672966700000000e+01  5.8357531409999996e-01
  1.1396383150000000e+01  2.4631343780000001e-01
l=1 n=4
  1.7558111160000001e+00 -7.1805226570000005e-02
  6.4977998079999999e-01  3.7268634250000002e-02
  2.7935905500000002e-01  6.9658422490000005e-01
  1.3876818439999999e-01  3.3102368500000001e-01
l=1 n=4
  2.6908682670000001e+01 -2.5803639920000000e-02
  8.0567804140000003e+00  1.5914098199999999e-01
  3.1956495569999999e+00  6.2841248299999997e-01
  1.4206901640000000e+00  3.0098385770000002e-01
l=2 n=4
  2.6908682670000001e+01  6.9207724260000006e-02
  8.0567804140000003e+00  3.7281576950000000e-01
  3.1956495569999999e+00  5.6640926589999996e-01
  1.4206901640000000e+00  1.5859465370000000e-01
end=32
element=33
l=0 n=4
  5.4730547239999996e+03  5.6752420800000002e-02
  1.0015015840000000e+03  2.6014135500000002e-01
  2.7822810659999999e+02  5.3284611429999995e-01
  9.2341407390000001e+01  2.9162544050000000e-01
l=0 n=4
  4.5151159869999998e+02 -6.2207145649999997e-02
  9.7742573120000003e+01  2.9768045960000000e-05
  3.1779812110000002e+01  5.5885492209999998e-01
  1.2205551229999999e+01  4.9776732180000000e-01
l=0 n=4
  1.9728293699999999e+00 -5.8935598130000003e-02
  7.3009278639999997e-01 -4.2892302609999999e-01
  3.1388783419999999e-01  5.4729984679999999e-01
  1.5591993200000001e-01  7.8536920300000002e-01
l=0 n=4
  3.0083479270000002e+01 -8.8888587820000003e-02
  9.0073523659999992e+00 -2.0261893260000000e-01
  3.5726853799999998e+00  5.4508865309999999e-01
  1.5883090080000000e+00  6.5170161670000004e-01
l=1 n=4
  4.5151159869999998e+02  4.3684348839999998e-02
  9.7742573120000003e+01  2.8637939839999998e-01
  3.1779812110000002e+01  5.8357531409999996e-01
  1.2205551229999999e+01  2.4631343780000001e-01
l=1 n=4
  1.9728293699999999e+00 -7.1805226570000005e-02
  7.3009278639999997e-01  3.7268634250000002e-02
  3.1388783419999999e-01  6.9658422490000005e-01
  1.5591993200000001e-01  3.3102368500000001e-01
l=1 n=4
  3.0083479270000002e+01 -2.5803639920000000e-02
  9.0073523659999992e+00  1.5914098199999999e-01
  3.5726853799999998e+00  6.2841248299999997e-01
  1.5883090080000000e+00  3.0098385770000002e-01
l=2 n=4
  3.0083479270000002e+01  6.9207724260000006e-02
  9.0073523659999992e+00  3.7281576950000000e-01
  3.5726853799999998e+00  5.6640926589999996e-01
  1.5883090080000000e+00  1.5859465370000000e-01
end=33
element=34
l=0 n=4
  5.8092532270000002e+03  5.6752420800000002e-02
  1.0630217680000001e+03  2.6014135500000002e-01
  2.9531908729999998e+02  5.3284611429999995e-01
  9.8013750250000001e+01  2.9162544050000000e-01
l=0 n=4
  4.8180172199999998e+02 -6.2207145649999997e-02
  1.0429973490000000e+02  2.9768045960000000e-05
  3.3911793729999999e+01  5.5885492209999998e-01
  1.3024373280000001e+01  4.9776732180000000e-01
l=0 n=4
  2.1633348770000000e+00 -5.8935598130000003e-02
  8.0059391430000004e-01 -4.2892302609999999e-01
  3.4419829159999998e-01  5.4729984679999999e-01
  1.7097628000000001e-01  7.8536920300000002e-01
l=0 n=4
  3.3435268010000001e+01 -8.8888587820000003e-02
  1.0010917879999999e+01 -2.0261893260000000e-01
  3.9707406220000001e+00  5.4508865309999999e-01
  1.7652724570000000e+00  6.5170161670000004e-01
l=1 n=4
  4.8180172199999998e+02  4.3684348839999998e-02
  1.0429973490000000e+02  2.8637939839999998e-01
  3.3911793729999999e+01  5.8357531409999996e-01
  1.3024373280000001e+01  2.4631343780000001e-01
l=1 n=4
  2.1633348770000000e+00 -7.1805226570000005e-02
  8.0059391430000004e-01  3.7268634250000002e-02
  3.4419829159999998e-01  6.9658422490000005e-01
  1.7097628000000001e-01  3.3102368500000001e-01
l=1 n=4
  3.3435268010000001e+01 -2.5803639920000000e-02
  1.0010917879999999e+01  1.5914098199999999e-01
  3.9707406220000001e+00  6.2841248299999997e-01
  1.7652724570000000e+00  3.0098385770000002e-01
l=2 n=4
  3.3435268010000001e+01  6.9207724260000006e-02
  1.0010917879999999e+01  3.7281576950000000e-01
  3.9707406220000001e+00  5.6640926589999996e-01
  1.7652724570000000e+00  1.5859465370000000e-01
end=34
element=35
l=0 n=4
  6.1590567389999997e+03  5.6752420800000002e-02
  1.1270315009999999e+03  2.6014135500000002e-01
  3.1310169200000001e+02  5.3284611429999995e-01
  1.0391563690000000e+02  2.9162544050000000e-01
l=0 n=4
  5.1376592979999998e+02 -6.2207145649999997e-02
  1.1121930000000000e+02  2.9768045960000000e-05
  3.6161606390000003e+01  5.5885492209999998e-01
  1.3888450250000000e+01  4.9776732180000000e-01
l=0 n=4
  2.4864041220000002e+00 -5.8935598130000003e-02
  9.2015343080000001e-01 -4.2892302609999999e-01
  3.9560035770000002e-01  5.4729984679999999e-01
  1.9650962590000001e-01  7.8536920300000002e-01
l=0 n=4
  3.6964048890000001e+01 -8.8888587820000003e-02
  1.1067476940000001e+01 -2.0261893260000000e-01
  4.3898152829999999e+00  5.4508865309999999e-01
  1.9515805110000000e+00  6.5170161670000004e-01
l=1 n=4
  5.1376592979999998e+02  4.3684348839999998e-02
  1.1121930000000000e+02  2.8637939839999998e-01
  3.6161606390000003e+01  5.8357531409999996e-01
  1.3888450250000000e+01  2.4631343780000001e-01
l=1 n=4
  2.4864041220000002e+00 -7.1805226570000005e-02
  9.2015343080000001e-01  3.7268634250000002e-02
  3.9560035770000002e-01  6.9658422490000005e-01
  1.9650962590000001e-01  3.3102368500000001e-01
l=1 n=4
  3.6964048890000001e+01 -2.5803639920000000e-02
  1.1067476940000001e+01  1.5914098199999999e-01
  4.3898152829999999e+00  6.2841248299999997e-01
  1.9515805110000000e+00  3.0098385770000002e-01
l=2 n=4
  3.6964048890000001e+01  6.9207724260000006e-02
  1.1067476940000001e+01  3.7281576950000000e-01
  4.3898152829999999e+00  5.6640926589999996e-01
  1.9515805110000000e+00  1.5859465370000000e-01
end=35
element=36
l=0 n=4
  6.5153985210000001e+03  5.6752420800000002e-02
  1.1922376569999999e+03  2.6014135500000002e-01
  3.3121667619999999e+02  5.3284611429999995e-01
  1.0992783729999999e+02  2.9162544050000000e-01
l=0 n=4
  5.4675666139999998e+02 -6.2207145649999997e-02
  1.1836108550000000e+02  2.9768045960000000e-05
  3.8483671330000000e+01  5.5885492209999998e-01
  1.4780276880000001e+01  4.9776732180000000e-01
l=0 n=4
  2.8319477499999999e+00 -5.8935598130000003e-02
  1.0480301310000000e+00 -4.2892302609999999e-01
  4.5057821970000000e-01  5.4729984679999999e-01
  2.2381920459999999e-01  7.8536920300000002e-01
l=0 n=4
  4.0669821919999997e+01 -8.8888587820000003e-02
  1.2177029570000000e+01 -2.0261893260000000e-01
  4.8299093629999996e+00  5.4508865309999999e-01
  2.1472331690000002e+00  6.5170161670000004e-01
l=1 n=4
  5.4675666139999998e+02  4.3684348839999998e-02
  1.1836108550000000e+02  2.8637939839999998e-01
  3.8483671330000000e+01  5.8357531409999996e-01
  1.4780276880000001e+01  2.4631343780000001e-01
l=1 n=4
  2.8319477499999999e+00 -7.1805226570000005e-02
  1.0480301310000000e+00  3.7268634250000002e-02
  4.5057821970000000e-01  6.9658422490000005e-01
  2.2381920459999999e-01  3.3102368500000001e-01
l=1 n=4
  4.0669821919999997e+01 -2.5803639920000000e-02
  1.2177029570000000e+01  1.5914098199999999e-01
  4.8299093629999996e+00  6.2841248299999997e-01
  2.1472331690000002e+00  3.0098385770000002e-01
l=2 n=4
  4.0669821919999997e+01  6.9207724260000006e-02
  1.2177029570000000e+01  3.7281576950000000e-01
  4.8299093629999996e+00  5.6640926589999996e-01
  2.1472331690000002e+00  1.5859465370000000e-01
end=36
element=37
l=0 n=4
  6.8817608190000001e+03  5.6752420800000002e-02
  1.2592774440000001e+03  2.6014135500000002e-01
  3.4984106300000002e+02  5.3284611429999995e-01
  1.1610910380000000e+02  2.9162544050000000e-01
l=0 n=4
  5.8077391690000002e+02 -6.2207145649999997e-02
  1.2572509140000000e+02  2.9768045960000000e-05
  4.0877988539999997e+01  5.5885492209999998e-01
  1.5699853149999999e+01  4.9776732180000000e-01
l=0 n=4
  4.0034249270000002e+00 -5.8935598130000003e-02
  1.4815633340000001e+00 -4.2892302609999999e-01
  6.3696658120000005e-01  5.4729984679999999e-01
  3.1640533729999998e-01  7.8536920300000002e-01
l=0 n=4
  9.3055232409999999e-01  4.0451112040000001e-02
  4.2945986240000000e-01 -6.5766910170000004e-01
  1.9027503460000000e-01  3.7925242650000002e-01
  1.0361985260000001e-01  1.0385897340000001e+00
l=0 n=4
  4.4552587090000003e+01 -8.8888587820000003e-02
  1.3339575760000001e+01 -2.0261893260000000e-01
  5.2910228610000001e+00  5.4508865309999999e-01
  2.3522304319999998e+00  6.5170161670000004e-01
l=1 n=4
  5.8077391690000002e+02  4.3684348839999998e-02
  1.2572509140000000e+02  2.8637939839999998e-01
  4.0877988539999997e+01  5.8357531409999996e-01
  1.5699853149999999e+01  2.4631343780000001e-01
l=1 n=4
  4.0034249270000002e+00 -7.1805226570000005e-02
  1.4815633340000001e+00  3.7268634250000002e-02
  6.3696658120000005e-01  6.9658422490000005e-01
  3.1640533729999998e-01  3.3102368500000001e-01
l=1 n=4
  9.3055232409999999e-01 -8.5861496529999998e-02
  4.2945986240000000e-01 -1.0901541300000001e-01
  1.9027503460000000e-01  7.2340420959999996e-01
  1.0361985260000001e-01  4.1174289400000003e-01
l=1 n=4
  4.4552587090000003e+01 -2.5803639920000000e-02
  1.3339575760000001e+01  1.5914098199999999e-01
  5.2910228610000001e+00  6.2841248299999997e-01
  2.3522304319999998e+00  3.0098385770000002e-01
l=2 n=4
  4.4552587090000003e+01  6.9207724260000006e-02
  1.3339575760000001e+01  3.7281576950000000e-01
  5.2910228610000001e+00  5.6640926589999996e-01
  2.3522304319999998e+00  1.5859465370000000e-01
end=37
element=38
l=0 n=4
  7.2620359189999999e+03  5.6752420800000002e-02
  1.3288631020000000e+03  2.6014135500000002e-01
  3.6917272079999998e+02  5.3284611429999995e-01
  1.2252510730000000e+02  2.9162544050000000e-01
l=0 n=4
  6.1581769640000005e+02 -6.2207145649999997e-02
  1.3331131780000001e+02  2.9768045960000000e-05
  4.3344558020000001e+01  5.5885492209999998e-01
  1.6647179090000002e+01  4.9776732180000000e-01
l=0 n=4
  4.3832068709999996e+00 -5.8935598130000003e-02
  1.6221107440000000e+00 -4.2892302609999999e-01
  6.9739194480000000e-01  5.4729984679999999e-01
  3.4642089549999999e-01  7.8536920300000002e-01
l=0 n=4
  8.3517715520000002e-01  4.0451112040000001e-02
  3.8544320059999998e-01 -6.5766910170000004e-01
  1.7077316120000000e-01  3.7925242650000002e-01
  9.2999535270000003e-02  1.0385897340000001e+00
l=0 n=4
  4.8482797910000002e+01 -8.8888587820000003e-02
  1.4516327739999999e+01 -2.0261893260000000e-01
  5.7577709590000001e+00  5.4508865309999999e-01
  2.5597326690000002e+00  6.5170161670000004e-01
l=1 n=4
  6.1581769640000005e+02  4.3684348839999998e-02
  1.3331131780000001e+02  2.8637939839999998e-01
  4.3344558020000001e+01  5.8357531409999996e-01
  1.6647179090000002e+01  2.4631343780000001e-01
l=1 n=4
  4.3832068709999996e+00 -7.1805226570000005e-02
  1.6221107440000000e+00  3.7268634250000002e-02
  6.9739194480000000e-01  6.9658422490000005e-01
  3.4642089549999999e-01  3.3102368500000001e-01
l=1 n=4
  8.3517715520000002e-01 -8.5861496529999998e-02
  3.8544320059999998e-01 -1.0901541300000001e-01
  1.7077316120000000e-01  7.2340420959999996e-01
  9.2999535270000003e-02  4.1174289400000003e-01
l=1 n=4
  4.8482797910000002e+01 -2.5803639920000000e-02
  1.4516327739999999e+01  1.5914098199999999e-01
  5.7577709590000001e+00  6.2841248299999997e-01
  2.5597326690000002e+00  3.0098385770000002e-01
l=2 n=4
  4.8482797910000002e+01  6.9207724260000006e-02
  1.4516327739999999e+01  3.7281576950000000e-01
  5.7577709590000001e+00  5.6640926589999996e-01
  2.5597326690000002e+00  1.5859465370000000e-01
end=38
element=39
l=0 n=4
  7.6485414970000002e+03  5.6752420800000002e-02
  1.3995888610000000e+03  2.6014135500000002e-01
  3.8882111110000000e+02  5.3284611429999995e-01
  1.2904623140000001e+02  2.9162544050000000e-01
l=0 n=4
  6.4955496979999998e+02 -6.2207145649999997e-02
  1.4061471359999999e+02  2.9768045960000000e-05
  4.5719168570000001e+01  5.5885492209999998e-01
  1.7559186709999999e+01  4.9776732180000000e-01
l=0 n=4
  4.8754488330000001e+00 -5.8468789039999997e-02
  1.7404358320000000e+00 -4.3980361489999997e-01
  7.7538191749999996e-01  5.3192193219999995e-01
  3.8008612260000002e-01  8.1074676079999997e-01
l=0 n=4
  8.3517715520000002e-01  4.0451112040000001e-02
  3.8544320059999998e-01 -6.5766910170000004e-01
  1.7077316120000000e-01  3.7925242650000002e-01
  9.2999535270000003e-02  1.0385897340000001e+00
l=0 n=4
  5.4895997649999998e+01 -8.8888587820000003e-02
  1.6436516200000000e+01 -2.0261893260000000e-01
  6.5193964600000003e+00  5.4508865309999999e-01
  2.8983285749999999e+00  6.5170161670000004e-01
l=1 n=4
  6.4955496979999998e+02  4.3684348839999998e-02
  1.4061471359999999e+02  2.8637939839999998e-01
  4.5719168570000001e+01  5.8357531409999996e-01
  1.7559186709999999e+01  2.4631343780000001e-01
l=1 n=4
  4.8754488330000001e+00 -6.7466340360000002e-02
  1.7404358320000000e+00  2.0779279080000001e-02
  7.7538191749999996e-01  6.8845389150000003e-01
  3.8008612260000002e-01  3.5148172599999999e-01
l=1 n=4
  8.3517715520000002e-01 -8.5861496529999998e-02
  3.8544320059999998e-01 -1.0901541300000001e-01
  1.7077316120000000e-01  7.2340420959999996e-01
  9.2999535270000003e-02  4.1174289400000003e-01
l=1 n=4
  5.4895997649999998e+01 -2.5803639920000000e-02
  1.6436516200000000e+01  1.5914098199999999e-01
  6.5193964600000003e+00  6.2841248299999997e-01
  2.8983285749999999e+00  3.0098385770000002e-01
l=2 n=4
  5.4895997649999998e+01  6.9207724260000006e-02
  1.6436516200000000e+01  3.7281576950000000e-01
  6.5193964600000003e+00  5.6640926589999996e-01
  2.8983285749999999e+00  1.5859465370000000e-01
l=2 n=4
  8.8283365010000003e-01  3.8699422099999999e-03
  3.1515361380000001e-01  2.9761239979999998e-01
  1.4040414979999999e-01  6.2037345700000002e-01
  6.8825010879999995e-02  1.7355349330000000e-01
end=39
element=40
l=0 n=4
  8.0450675899999997e+03  5.6752420800000002e-02
  1.4721482500000000e+03  2.6014135500000002e-01
  4.0897890410000002e+02  5.3284611429999995e-01
  1.3573642169999999e+02  2.9162544050000000e-01
l=0 n=4
  6.8658627430000001e+02 -6.2207145649999997e-02
  1.4863119639999999e+02  2.9768045960000000e-05
  4.8325630740000001e+01  5.5885492209999998e-01
  1.8560240690000001e+01  4.9776732180000000e-01
l=0 n=4
  5.4548309369999997e+00 -5.8468789039999997e-02
  1.9472634310000001e+00 -4.3980361489999997e-01
  8.6752572260000005e-01  5.3192193219999995e-01
  4.2525429170000001e-01  8.1074676079999997e-01
l=0 n=4
  9.3055232409999999e-01  4.0451112040000001e-02
  4.2945986240000000e-01 -6.5766910170000004e-01
  1.9027503460000000e-01  3.7925242650000002e-01
  1.0361985260000001e-01  1.0385897340000001e+00
l=0 n=4
  5.8251934640000002e+01 -8.8888587820000003e-02
  1.7441323749999999e+01 -2.0261893260000000e-01
  6.9179443450000004e+00  5.4508865309999999e-01
  3.0755110380000001e+00  6.5170161670000004e-01
l=1 n=4
  6.8658627430000001e+02  4.3684348839999998e-02
  1.4863119639999999e+02  2.8637939839999998e-01
  4.8325630740000001e+01  5.8357531409999996e-01
  1.8560240690000001e+01  2.4631343780000001e-01
l=1 n=4
  5.4548309369999997e+00 -6.7466340360000002e-02
  1.9472634310000001e+00  2.0779279080000001e-02
  8.6752572260000005e-01  6.8845389150000003e-01
  4.2525429170000001e-01  3.5148172599999999e-01
l=1 n=4
  9.3055232409999999e-01 -8.5861496529999998e-02
  4.2945986240000000e-01 -1.0901541300000001e-01
  1.9027503460000000e-01  7.2340420959999996e-01
  1.0361985260000001e-01  4.1174289400000003e-01
l=1 n=4
  5.8251934640000002e+01 -2.5803639920000000e-02
  1.7441323749999999e+01  1.5914098199999999e-01
  6.9179443450000004e+00  6.2841248299999997e-01
  3.0755110380000001e+00  3.0098385770000002e-01
l=2 n=4
  5.8251934640000002e+01  6.9207724260000006e-02
  1.7441323749999999e+01  3.7281576950000000e-01
  6.9179443450000004e+00  5.6640926589999996e-01
  3.0755110380000001e+00  1.5859465370000000e-01
l=2 n=4
  1.7127423239999999e+00  3.8699422099999999e-03
  6.1141409000000002e-01  2.9761239979999998e-01
  2.7239121420000001e-01  6.2037345700000002e-01
  1.3352403260000001e-01  1.7355349330000000e-01
end=40
element=41
l=0 n=4
  8.4558142790000002e+03  5.6752420800000002e-02
  1.5473098339999999e+03  2.6014135500000002e-01
  4.2985961500000002e+02  5.3284611429999995e-01
  1.4266654190000000e+02  2.9162544050000000e-01
l=0 n=4
  7.2464410269999996e+02 -6.2207145649999997e-02
  1.5686989969999999e+02  2.9768045960000000e-05
  5.1004345170000001e+01  5.5885492209999998e-01
  1.9589044330000000e+01  4.9776732180000000e-01
l=0 n=4
  6.0667337500000000e+00 -5.8468789039999997e-02
  2.1657002599999999e+00 -4.3980361489999997e-01
  9.6484155810000005e-01  5.3192193219999995e-01
  4.7295774950000002e-01  8.1074676079999997e-01
l=0 n=4
  9.3055232409999999e-01  4.0451112040000001e-02
  4.2945986240000000e-01 -6.5766910170000004e-01
  1.9027503460000000e-01  3.7925242650000002e-01
  1.0361985260000001e-01  1.0385897340000001e+00
l=0 n=4
  6.2586859429999997e+01 -8.8888587820000003e-02
  1.8739251910000000e+01 -2.0261893260000000e-01
  7.4327558890000001e+00  5.4508865309999999e-01
  3.3043808449999998e+00  6.5170161670000004e-01
l=1 n=4
  7.2464410269999996e+02  4.3684348839999998e-02
  1.5686989969999999e+02  2.8637939839999998e-01
  5.1004345170000001e+01  5.8357531409999996e-01
  1.9589044330000000e+01  2.4631343780000001e-01
l=1 n=4
  6.0667337500000000e+00 -6.7466340360000002e-02
  2.1657002599999999e+00  2.0779279080000001e-02
  9.6484155810000005e-01  6.8845389150000003e-01
  4.7295774950000002e-01  3.5148172599999999e-01
l=1 n=4
  9.3055232409999999e-01 -8.5861496529999998e-02
  4.2945986240000000e-01 -1.0901541300000001e-01
  1.9027503460000000e-01  7.2340420959999996e-01
  1.0361985260000001e-01  4.1174289400000003e-01
l=1 n=4
  6.2586859429999997e+01 -2.5803639920000000e-02
  1.8739251910000000e+01  1.5914098199999999e-01
  7.4327558890000001e+00  6.2841248299999997e-01
  3.3043808449999998e+00  3.0098385770000002e-01
l=2 n=4
  6.2586859429999997e+01  6.9207724260000006e-02
  1.8739251910000000e+01  3.7281576950000000e-01
  7.4327558890000001e+00  5.6640926589999996e-01
  3.3043808449999998e+00  1.5859465370000000e-01
l=2 n=4
  2.5944499109999999e+00  3.8699422099999999e-03
  9.2616572220000004e-01  2.9761239979999998e-01
  4.1261627709999998e-01  6.2037345700000002e-01
  2.0226125649999999e-01  1.7355349330000000e-01
end=41
element=42
l=0 n=4
  8.8724836520000008e+03  5.6752420800000002e-02
  1.6235551960000000e+03  2.6014135500000002e-01
  4.5104141140000002e+02  5.3284611429999995e-01
  1.4969658970000000e+02  2.9162544050000000e-01
l=0 n=4
  7.6288618499999995e+02 -6.2207145649999997e-02
  1.6514848989999999e+02  2.9768045960000000e-05
  5.3696028380000001e+01  5.5885492209999998e-01
  2.0622828830000000e+01  4.9776732180000000e-01
l=0 n=4
  6.7459751499999996e+00 -5.8468789039999997e-02
  2.4081755910000000e+00 -4.3980361489999997e-01
  1.0728667919999999e+00  5.3192193219999995e-01
  5.2591087010000004e-01  8.1074676079999997e-01
l=0 n=4
  9.8017318899999994e-01  4.0451112040000001e-02
  4.5236042290000000e-01 -6.5766910170000004e-01
  2.0042127949999999e-01  3.7925242650000002e-01
  1.0914528790000000e-01  1.0385897340000001e+00
l=0 n=4
  6.7229705620000004e+01 -8.8888587820000003e-02
  2.0129375410000002e+01 -2.0261893260000000e-01
  7.9841358849999997e+00  5.4508865309999999e-01
  3.5495078919999998e+00  6.5170161670000004e-01
l=1 n=4
  7.6288618499999995e+02  4.3684348839999998e-02
  1.6514848989999999e+02  2.8637939839999998e-01
  5.3696028380000001e+01  5.8357531409999996e-01
  2.0622828830000000e+01  2.4631343780000001e-01
l=1 n=4
  6.7459751499999996e+00 -6.7466340360000002e-02
  2.4081755910000000e+00  2.0779279080000001e-02
  1.0728667919999999e+00  6.8845389150000003e-01
  5.2591087010000004e-01  3.5148172599999999e-01
l=1 n=4
  9.8017318899999994e-01 -8.5861496529999998e-02
  4.5236042290000000e-01 -1.0901541300000001e-01
  2.0042127949999999e-01  7.2340420959999996e-01
  1.0914528790000000e-01  4.1174289400000003e-01
l=1 n=4
  6.7229705620000004e+01 -2.5803639920000000e-02
  2.0129375410000002e+01  1.5914098199999999e-01
  7.9841358849999997e+00  6.2841248299999997e-01
  3.5495078919999998e+00  3.0098385770000002e-01
l=2 n=4
  6.7229705620000004e+01  6.9207724260000006e-02
  2.0129375410000002e+01  3.7281576950000000e-01
  7.9841358849999997e+00  5.6640926589999996e-01
  3.5495078919999998e+00  1.5859465370000000e-01
l=2 n=4
  3.2836006680000001e+00  3.8699422099999999e-03
  1.1721784920000000e+00  2.9761239979999998e-01
  5.2221747569999999e-01  6.2037345700000002e-01
  2.5598690270000002e-01  1.7355349330000000e-01
end=42
element=43
l=0 n=4
  9.2991735399999998e+03  5.6752420800000002e-02
  1.7016341880000000e+03  2.6014135500000002e-01
  4.7273261050000002e+02  5.3284611429999995e-01
  1.5689570370000001e+02  2.9162544050000000e-01
l=0 n=4
  8.0297522040000001e+02 -6.2207145649999997e-02
  1.7382690590000001e+02  2.9768045960000000e-05
  5.6517710070000000e+01  5.5885492209999998e-01
  2.1706541359999999e+01  4.9776732180000000e-01
l=0 n=4
  7.3881015029999997e+00 -5.8468789039999997e-02
  2.6374016070000001e+00 -4.3980361489999997e-01
  1.1749893199999999e+00  5.3192193219999995e-01
  5.7597053109999996e-01  8.1074676079999997e-01
l=0 n=4
  8.8222031280000002e-01  4.0451112040000001e-02
  4.0715412159999997e-01 -6.5766910170000004e-01
  1.8039232850000000e-01  3.7925242650000002e-01
  9.8237935020000000e-02  1.0385897340000001e+00
l=0 n=4
  7.2196547670000001e+01 -8.8888587820000003e-02
  2.1616507140000000e+01 -2.0261893260000000e-01
  8.5739933229999998e+00  5.4508865309999999e-01
  3.8117408570000002e+00  6.5170161670000004e-01
l=1 n=4
  8.0297522040000001e+02  4.3684348839999998e-02
  1.7382690590000001e+02  2.8637939839999998e-01
  5.6517710070000000e+01  5.8357531409999996e-01
  2.1706541359999999e+01  2.4631343780000001e-01
l=1 n=4
  7.3881015029999997e+00 -6.7466340360000002e-02
  2.6374016070000001e+00  2.0779279080000001e-02
  1.1749893199999999e+00  6.8845389150000003e-01
  5.7597053109999996e-01  3.5148172599999999e-01
l=1 n=4
  8.8222031280000002e-01 -8.5861496529999998e-02
  4.0715412159999997e-01 -1.0901541300000001e-01
  1.8039232850000000e-01  7.2340420959999996e-01
  9.8237935020000000e-02  4.1174289400000003e-01
l=1 n=4
  7.2196547670000001e+01 -2.5803639920000000e-02
  2.1616507140000000e+01  1.5914098199999999e-01
  8.5739933229999998e+00  6.2841248299999997e-01
  3.8117408570000002e+00  3.0098385770000002e-01
l=2 n=4
  7.2196547670000001e+01  6.9207724260000006e-02
  2.1616507140000000e+01  3.7281576950000000e-01
  8.5739933229999998e+00  5.6640926589999996e-01
  3.8117408570000002e+00  1.5859465370000000e-01
l=2 n=4
  4.0538279849999999e+00  3.8699422099999999e-03
  1.4471339409999999e+00  2.9761239979999998e-01
  6.4471293299999999e-01  6.2037345700000002e-01
  3.1603321320000000e-01  1.7355349330000000e-01
end=43
element=44
l=0 n=4
  9.7403918180000001e+03  5.6752420800000002e-02
  1.7823716970000000e+03  2.6014135500000002e-01
  4.9516237450000000e+02  5.3284611429999995e-01
  1.6433994070000000e+02  2.9162544050000000e-01
l=0 n=4
  8.4320529239999996e+02 -6.2207145649999997e-02
  1.8253585330000001e+02  2.9768045960000000e-05
  5.9349318680000003e+01  5.5885492209999998e-01
  2.2794066480000001e+01  4.9776732180000000e-01
l=0 n=4
  8.0975664429999998e+00 -5.8468789039999997e-02
  2.8906661260000002e+00 -4.3980361489999997e-01
  1.2878212469999999e+00  5.3192193219999995e-01
  6.3127985490000005e-01  8.1074676079999997e-01
l=0 n=4
  7.8942285109999999e-01  4.0451112040000001e-02
  3.6432709930000001e-01 -6.5766910170000004e-01
  1.6141753280000001e-01  3.7925242650000002e-01
  8.7904653329999999e-02  1.0385897340000001e+00
l=0 n=4
  7.7176957979999997e+01 -8.8888587820000003e-02
  2.3107701370000001e+01 -2.0261893260000000e-01
  9.1654621130000002e+00  5.4508865309999999e-01
  4.0746901820000003e+00  6.5170161670000004e-01
l=1 n=4
  8.4320529239999996e+02  4.3684348839999998e-02
  1.8253585330000001e+02  2.8637939839999998e-01
  5.9349318680000003e+01  5.8357531409999996e-01
  2.2794066480000001e+01  2.4631343780000001e-01
l=1 n=4
  8.0975664429999998e+00 -6.7466340360000002e-02
  2.8906661260000002e+00  2.0779279080000001e-02
  1.2878212469999999e+00  6.8845389150000003e-01
  6.3127985490000005e-01  3.5148172599999999e-01
l=1 n=4
  7.8942285109999999e-01 -8.5861496529999998e-02
  3.6432709930000001e-01 -1.0901541300000001e-01
  1.6141753280000001e-01  7.2340420959999996e-01
  8.7904653329999999e-02  4.1174289400000003e-01
l=1 n=4
  7.7176957979999997e+01 -2.5803639920000000e-02
  2.3107701370000001e+01  1.5914098199999999e-01
  9.1654621130000002e+00  6.2841248299999997e-01
  4.0746901820000003e+00  3.0098385770000002e-01
l=2 n=4
  7.7176957979999997e+01  6.9207724260000006e-02
  2.3107701370000001e+01  3.7281576950000000e-01
  9.1654621130000002e+00  5.6640926589999996e-01
  4.0746901820000003e+00  1.5859465370000000e-01
l=2 n=4
  4.6123553970000000e+00  3.8699422099999999e-03
  1.6465168390000000e+00  2.9761239979999998e-01
  7.3354004819999996e-01  6.2037345700000002e-01
  3.5957556709999999e-01  1.7355349330000000e-01
end=44
element=45
l=0 n=4
  1.0187224990000001e+04  5.6752420800000002e-02
  1.8641366619999999e+03  2.6014135500000002e-01
  5.1787757699999997e+02  5.3284611429999995e-01
  1.7187891220000000e+02  2.9162544050000000e-01
l=0 n=4
  8.8441867119999995e+02 -6.2207145649999997e-02
  1.9145766549999999e+02  2.9768045960000000e-05
  6.2250137709999997e+01  5.5885492209999998e-01
  2.3908172969999999e+01  4.9776732180000000e-01
l=0 n=4
  8.7599168929999998e+00 -5.8468789039999997e-02
  3.1271117330000000e+00 -4.3980361489999997e-01
  1.3931601769999999e+00  5.3192193219999995e-01
  6.8291617049999997e-01  8.1074676079999997e-01
l=0 n=4
  7.8942285109999999e-01  4.0451112040000001e-02
  3.6432709930000001e-01 -6.5766910170000004e-01
  1.6141753280000001e-01  3.7925242650000002e-01
  8.7904653329999999e-02  1.0385897340000001e+00
l=0 n=4
  8.2492253320000003e+01 -8.8888587820000003e-02
  2.4699164170000000e+01 -2.0261893260000000e-01
  9.7967015320000002e+00  5.4508865309999999e-01
  4.3553203380000003e+00  6.5170161670000004e-01
l=1 n=4
  8.8441867119999995e+02  4.3684348839999998e-02
  1.9145766549999999e+02  2.8637939839999998e-01
  6.2250137709999997e+01  5.8357531409999996e-01
  2.3908172969999999e+01  2.4631343780000001e-01
l=1 n=4
  8.7599168929999998e+00 -6.7466340360000002e-02
  3.1271117330000000e+00  2.0779279080000001e-02
  1.3931601769999999e+00  6.8845389150000003e-01
  6.8291617049999997e-01  3.5148172599999999e-01
l=1 n=4
  7.8942285109999999e-01 -8.5861496529999998e-02
  3.6432709930000001e-01 -1.0901541300000001e-01
  1.6141753280000001e-01  7.2340420959999996e-01
  8.7904653329999999e-02  4.1174289400000003e-01
l=1 n=4
  8.2492253320000003e+01 -2.5803639920000000e-02
  2.4699164170000000e+01  1.5914098199999999e-01
  9.7967015320000002e+00  6.2841248299999997e-01
  4.3553203380000003e+00  3.0098385770000002e-01
l=2 n=4
  8.2492253320000003e+01  6.9207724260000006e-02
  2.4699164170000000e+01  3.7281576950000000e-01
  9.7967015320000002e+00  5.6640926589999996e-01
  4.3553203380000003e+00  1.5859465370000000e-01
l=2 n=4
  5.3611875109999998e+00  3.8699422099999999e-03
  1.9138346369999999e+00  2.9761239979999998e-01
  8.5263285389999999e-01  6.2037345700000002e-01
  4.1795392450000002e-01  1.7355349330000000e-01
end=45
element=46
l=0 n=4
  1.0644078670000001e+04  5.6752420800000002e-02
  1.9477352570000000e+03  2.6014135500000002e-01
  5.4110218220000002e+02  5.3284611429999995e-01
  1.7958694990000001e+02  2.9162544050000000e-01
l=0 n=4
  9.2661535670000001e+02 -6.2207145649999997e-02
  2.0059234250000000e+02  2.9768045960000000e-05
  6.5220167140000001e+01  5.5885492209999998e-01
  2.5048860850000001e+01  4.9776732180000000e-01
l=0 n=4
  9.4896059309999998e+00 -5.8468789039999997e-02
  3.3875958420000001e+00 -4.3980361489999997e-01
  1.5092085049999999e+00  5.3192193219999995e-01
  7.3980214889999996e-01  8.1074676079999997e-01
l=0 n=4
  8.3517715520000002e-01  4.0451112040000001e-02
  3.8544320059999998e-01 -6.5766910170000004e-01
  1.7077316120000000e-01  3.7925242650000002e-01
  9.2999535270000003e-02  1.0385897340000001e+00
l=0 n=4
  8.7984540809999999e+01 -8.8888587820000003e-02
  2.6343620520000002e+01 -2.0261893260000000e-01
  1.0448960370000000e+01  5.4508865309999999e-01
  4.6452950980000001e+00  6.5170161670000004e-01
l=1 n=4
  9.2661535670000001e+02  4.3684348839999998e-02
  2.0059234250000000e+02  2.8637939839999998e-01
  6.5220167140000001e+01  5.8357531409999996e-01
  2.5048860850000001e+01  2.4631343780000001e-01
l=1 n=4
  9.4896059309999998e+00 -6.7466340360000002e-02
  3.3875958420000001e+00  2.0779279080000001e-02
  1.5092085049999999e+00  6.8845389150000003e-01
  7.3980214889999996e-01  3.5148172599999999e-01
l=1 n=4
  8.3517715520000002e-01 -8.5861496529999998e-02
  3.8544320059999998e-01 -1.0901541300000001e-01
  1.7077316120000000e-01  7.2340420959999996e-01
  9.2999535270000003e-02  4.1174289400000003e-01
l=1 n=4
  8.7984540809999999e+01 -2.5803639920000000e-02
  2.6343620520000002e+01  1.5914098199999999e-01
  1.0448960370000000e+01  6.2841248299999997e-01
  4.6452950980000001e+00  3.0098385770000002e-01
l=2 n=4
  8.7984540809999999e+01  6.9207724260000006e-02
  2.6343620520000002e+01  3.7281576950000000e-01
  1.0448960370000000e+01  5.6640926589999996e-01
  4.6452950980000001e+00  1.5859465370000000e-01
l=2 n=4
  5.8375122990000001e+00  3.8699422099999999e-03
  2.0838728750000000e+00  2.9761239979999998e-01
  9.2838662350000001e-01  6.2037345700000002e-01
  4.5508782710000001e-01  1.7355349330000000e-01
end=46
element=47
l=0 n=4
  1.1110952869999999e+04  5.6752420800000002e-02
  2.0331674829999999e+03  2.6014135500000002e-01
  5.6483619009999995e+02  5.3284611429999995e-01
  1.8746405379999999e+02  2.9162544050000000e-01
l=0 n=4
  9.6979534899999999e+02 -6.2207145649999997e-02
  2.0993988429999999e+02  2.9768045960000000e-05
  6.8259406990000002e+01  5.5885492209999998e-01
  2.6216130110000002e+01  4.9776732180000000e-01
l=0 n=4
  1.0205557000000001e+01 -5.8468789039999997e-02
  3.6431757750000000e+00 -4.3980361489999997e-01
  1.6230719720000000e+00  5.3192193219999995e-01
  7.9561712579999999e-01  8.1074676079999997e-01
l=0 n=4
  8.3517715520000002e-01  4.0451112040000001e-02
  3.8544320059999998e-01 -6.5766910170000004e-01
  1.7077316120000000e-01  3.7925242650000002e-01
  9.2999535270000003e-02  1.0385897340000001e+00
l=0 n=4
  9.3653820440000004e+01 -8.8888587820000003e-02
  2.8041070439999999e+01 -2.0261893260000000e-01
  1.1122238630000000e+01  5.4508865309999999e-01
  4.9446144629999997e+00  6.5170161670000004e-01
l=1 n=4
  9.6979534899999999e+02  4.3684348839999998e-02
  2.0993988429999999e+02  2.8637939839999998e-01
  6.8259406990000002e+01  5.8357531409999996e-01
  2.6216130110000002e+01  2.4631343780000001e-01
l=1 n=4
  1.0205557000000001e+01 -6.7466340360000002e-02
  3.6431757750000000e+00  2.0779279080000001e-02
  1.6230719720000000e+00  6.8845389150000003e-01
  7.9561712579999999e-01  3.5148172599999999e-01
l=1 n=4
  8.3517715520000002e-01 -8.5861496529999998e-02
  3.8544320059999998e-01 -1.0901541300000001e-01
  1.7077316120000000e-01  7.2340420959999996e-01
  9.2999535270000003e-02  4.1174289400000003e-01
l=1 n=4
  9.3653820440000004e+01 -2.5803639920000000e-02
  2.8041070439999999e+01  1.5914098199999999e-01
  1.1122238630000000e+01  6.2841248299999997e-01
  4.9446144629999997e+00  3.0098385770000002e-01
l=2 n=4
  9.3653820440000004e+01  6.9207724260000006e-02
  2.8041070439999999e+01  3.7281576950000000e-01
  1.1122238630000000e+01  5.6640926589999996e-01
  4.9446144629999997e+00  1.5859465370000000e-01
l=2 n=4
  6.3341062270000004e+00  3.8699422099999999e-03
  2.2611467830000000e+00  2.9761239979999998e-01
  1.0073639580000000e+00  6.2037345700000002e-01
  4.9380189569999999e-01  1.7355349330000000e-01
end=47
element=48
l=0 n=4
  1.1592765500000000e+04  5.6752420800000002e-02
  2.1213332590000000e+03  2.6014135500000002e-01
  5.8932960800000001e+02  5.3284611429999995e-01
  1.9559319900000000e+02  2.9162544050000000e-01
l=0 n=4
  1.0129881210000000e+03 -6.2207145649999997e-02
  2.1929019260000001e+02  2.9768045960000000e-05
  7.1299546309999997e+01  5.5885492209999998e-01
  2.7383744820000000e+01  4.9776732180000000e-01
l=0 n=4
  1.0947542640000000e+01 -5.8468789039999997e-02
  3.9080495239999999e+00 -4.3980361489999997e-01
  1.7410759290000000e+00  5.3192193219999995e-01
  8.5346173820000004e-01  8.1074676079999997e-01
l=0 n=4
  1.1367689059999999e+00  4.0451112040000001e-02
  5.2463102299999997e-01 -6.5766910170000004e-01
  2.3244124720000001e-01  3.7925242650000002e-01
  1.2658270080000000e-01  1.0385897340000001e+00
l=0 n=4
  9.9685640129999996e+01 -8.8888587820000003e-02
  2.9847069170000001e+01 -2.0261893260000000e-01
  1.1838571790000000e+01  5.4508865309999999e-01
  5.2630747539999998e+00  6.5170161670000004e-01
l=1 n=4
  1.0129881210000000e+03  4.3684348839999998e-02
  2.1929019260000001e+02  2.8637939839999998e-01
  7.1299546309999997e+01  5.8357531409999996e-01
  2.7383744820000000e+01  2.4631343780000001e-01
l=1 n=4
  1.0947542640000000e+01 -6.7466340360000002e-02
  3.9080495239999999e+00  2.0779279080000001e-02
  1.7410759290000000e+00  6.8845389150000003e-01
  8.5346173820000004e-01  3.5148172599999999e-01
l=1 n=4
  1.1367689059999999e+00 -8.5861496529999998e-02
  5.2463102299999997e-01 -1.0901541300000001e-01
  2.3244124720000001e-01  7.2340420959999996e-01
  1.2658270080000000e-01  4.1174289400000003e-01
l=1 n=4
  9.9685640129999996e+01 -2.5803639920000000e-02
  2.9847069170000001e+01  1.5914098199999999e-01
  1.1838571790000000e+01  6.2841248299999997e-01
  5.2630747539999998e+00  3.0098385770000002e-01
l=2 n=4
  9.9685640129999996e+01  6.9207724260000006e-02
  2.9847069170000001e+01  3.7281576950000000e-01
  1.1838571790000000e+01  5.6640926589999996e-01
  5.2630747539999998e+00  1.5859465370000000e-01
l=2 n=4
  7.0277612380000001e+00  3.8699422099999999e-03
  2.5087674789999999e+00  2.9761239979999998e-01
  1.1176815040000001e+00  6.2037345700000002e-01
  5.4787868989999999e-01  1.7355349330000000e-01
end=48
element=49
l=0 n=4
  1.2079782980000000e+04  5.6752420800000002e-02
  2.2104514570000001e+03  2.6014135500000002e-01
  6.1408761930000003e+02  5.3284611429999995e-01
  2.0381016040000000e+02  2.9162544050000000e-01
l=0 n=4
  1.0571219110000000e+03 -6.2207145649999997e-02
  2.2884421130000001e+02  2.9768045960000000e-05
  7.4405919600000004e+01  5.5885492209999998e-01
  2.8576797760000002e+01  4.9776732180000000e-01
l=0 n=4
  1.0832814799999999e+00  4.0451112040000001e-02
  4.9994600319999999e-01 -6.5766910170000004e-01
  2.2150438580000001e-01  3.7925242650000002e-01
  1.2062671200000000e-01  1.0385897340000001e+00
l=0 n=4
  1.0609711140000000e+02 -8.8888587820000003e-02
  3.1766740120000001e+01 -2.0261893260000000e-01
  1.2599992029999999e+01  5.4508865309999999e-01
  5.6015794039999998e+00  6.5170161670000004e-01
l=0 n=4
  9.7393217350000008e+00 -5.8468789039999997e-02
  3.4767392930000001e+00 -4.3980361489999997e-01
  1.5489228209999999e+00  5.3192193219999995e-01
  7.5926979480000001e-01  8.1074676079999997e-01
l=1 n=4
  1.0571219110000000e+03  4.3684348839999998e-02
  2.2884421130000001e+02  2.8637939839999998e-01
  7.4405919600000004e+01  5.8357531409999996e-01
  2.8576797760000002e+01  2.4631343780000001e-01
l=1 n=4
  1.0832814799999999e+00 -8.5861496529999998e-02
  4.9994600319999999e-01 -1.0901541300000001e-01
  2.2150438580000001e-01  7.2340420959999996e-01
  1.2062671200000000e-01  4.1174289400000003e-01
l=1 n=4
  1.0609711140000000e+02 -2.5803639920000000e-02
  3.1766740120000001e+01  1.5914098199999999e-01
  1.2599992029999999e+01  6.2841248299999997e-01
  5.6015794039999998e+00  3.0098385770000002e-01
l=1 n=4
  9.7393217350000008e+00 -6.7466340360000002e-02
  3.4767392930000001e+00  2.0779279080000001e-02
  1.5489228209999999e+00  6.8845389150000003e-01
  7.5926979480000001e-01  3.5148172599999999e-01
l=2 n=4
  1.0609711140000000e+02  6.9207724260000006e-02
  3.1766740120000001e+01  3.7281576950000000e-01
  1.2599992029999999e+01  5.6640926589999996e-01
  5.6015794039999998e+00  1.5859465370000000e-01
l=2 n=4
  9.7393217350000008e+00  3.8699422099999999e-03
  3.4767392930000001e+00  2.9761239979999998e-01
  1.5489228209999999e+00  6.2037345700000002e-01
  7.5926979480000001e-01  1.7355349330000000e-01
end=49
element=50
l=0 n=4
  1.2576820970000001e+04  5.6752420800000002e-02
  2.3014032860000002e+03  2.6014135500000002e-01
  6.3935503329999995e+02  5.3284611429999995e-01
  2.1219618790000001e+02  2.9162544050000000e-01
l=0 n=4
  1.1032090710000000e+03 -6.2207145649999997e-02
  2.3882109259999999e+02  2.9768045960000000e-05
  7.7649781529999998e+01  5.5885492209999998e-01
  2.9822655449999999e+01  4.9776732180000000e-01
l=0 n=4
  1.1915451850000001e+00  4.0451112040000001e-02
  5.4991086259999999e-01 -6.5766910170000004e-01
  2.4364164750000000e-01  3.7925242650000002e-01
  1.3268220729999999e-01  1.0385897340000001e+00
l=0 n=4
  1.1211700490000000e+02 -8.8888587820000003e-02
  3.3569167989999997e+01 -2.0261893260000000e-01
  1.3314908850000000e+01  5.4508865309999999e-01
  5.9194100289999998e+00  6.5170161670000004e-01
l=0 n=4
  1.0770615570000000e+01 -5.8468789039999997e-02
  3.8448901680000001e+00 -4.3980361489999997e-01
  1.7129377920000000e+00  5.3192193219999995e-01
  8.3966864419999998e-01  8.1074676079999997e-01
l=1 n=4
  1.1032090710000000e+03  4.3684348839999998e-02
  2.3882109259999999e+02  2.8637939839999998e-01
  7.7649781529999998e+01  5.8357531409999996e-01
  2.9822655449999999e+01  2.4631343780000001e-01
l=1 n=4
  1.1915451850000001e+00 -8.5861496529999998e-02
  5.4991086259999999e-01 -1.0901541300000001e-01
  2.4364164750000000e-01  7.2340420959999996e-01
  1.3268220729999999e-01  4.1174289400000003e-01
l=1 n=4
  1.1211700490000000e+02 -2.5803639920000000e-02
  3.3569167989999997e+01  1.5914098199999999e-01
  1.3314908850000000e+01  6.2841248299999997e-01
  5.9194100289999998e+00  3.0098385770000002e-01
l=1 n=4
  1.0770615570000000e+01 -6.7466340360000002e-02
  3.8448901680000001e+00  2.0779279080000001e-02
  1.7129377920000000e+00  6.8845389150000003e-01
  8.3966864419999998e-01  3.5148172599999999e-01
l=2 n=4
  1.1211700490000000e+02  6.9207724260000006e-02
  3.3569167989999997e+01  3.7281576950000000e-01
  1.3314908850000000e+01  5.6640926589999996e-01
  5.9194100289999998e+00  1.5859465370000000e-01
l=2 n=4
  1.0770615570000000e+01  3.8699422099999999e-03
  3.8448901680000001e+00  2.9761239979999998e-01
  1.7129377920000000e+00  6.2037345700000002e-01
  8.3966864419999998e-01  1.7355349330000000e-01
end=50
element=51
l=0 n=4
  1.3083879480000000e+04  5.6752420800000002e-02
  2.3941887459999998e+03  2.6014135500000002e-01
  6.6513185009999995e+02  5.3284611429999995e-01
  2.2075128169999999e+02  2.9162544050000000e-01
l=0 n=4
  1.1502795380000000e+03 -6.2207145649999997e-02
  2.4901083860000000e+02  2.9768045960000000e-05
  8.0962853879999997e+01  5.5885492209999998e-01
  3.1095094509999999e+01  4.9776732180000000e-01
l=0 n=4
  1.2476103180000000e+00  4.0451112040000001e-02
  5.7578552189999999e-01 -6.5766910170000004e-01
  2.5510558649999998e-01  3.7925242650000002e-01
  1.3892523170000001e-01  1.0385897340000001e+00
l=0 n=4
  1.1850531510000000e+02 -8.8888587820000003e-02
  3.5481904239999999e+01 -2.0261893260000000e-01
  1.4073578489999999e+01  5.4508865309999999e-01
  6.2566918500000002e+00  6.5170161670000004e-01
l=0 n=4
  1.1807629820000001e+01 -5.8468789039999997e-02
  4.2150831090000001e+00 -4.3980361489999997e-01
  1.8778625229999999e+00  5.3192193219999995e-01
  9.2051345169999998e-01  8.1074676079999997e-01
l=1 n=4
  1.1502795380000000e+03  4.3684348839999998e-02
  2.4901083860000000e+02  2.8637939839999998e-01
  8.0962853879999997e+01  5.8357531409999996e-01
  3.1095094509999999e+01  2.4631343780000001e-01
l=1 n=4
  1.2476103180000000e+00 -8.5861496529999998e-02
  5.7578552189999999e-01 -1.0901541300000001e-01
  2.5510558649999998e-01  7.2340420959999996e-01
  1.3892523170000001e-01  4.1174289400000003e-01
l=1 n=4
  1.1850531510000000e+02 -2.5803639920000000e-02
  3.5481904239999999e+01  1.5914098199999999e-01
  1.4073578489999999e+01  6.2841248299999997e-01
  6.2566918500000002e+00  3.0098385770000002e-01
l=1 n=4
  1.1807629820000001e+01 -6.7466340360000002e-02
  4.2150831090000001e+00  2.0779279080000001e-02
  1.8778625229999999e+00  6.8845389150000003e-01
  9.2051345169999998e-01  3.5148172599999999e-01
l=2 n=4
  1.1850531510000000e+02  6.9207724260000006e-02
  3.5481904239999999e+01  3.7281576950000000e-01
  1.4073578489999999e+01  5.6640926589999996e-01
  6.2566918500000002e+00  1.5859465370000000e-01
l=2 n=4
  1.1807629820000001e+01  3.8699422099999999e-03
  4.2150831090000001e+00  2.9761239979999998e-01
  1.8778625229999999e+00  6.2037345700000002e-01
  9.2051345169999998e-01  1.7355349330000000e-01
end=51
element=52
l=0 n=4
  1.3606286469999999e+04  5.6752420800000002e-02
  2.4897827880000000e+03  2.6014135500000002e-01
  6.9168892180000000e+02  5.3284611429999995e-01
  2.2956533500000000e+02  2.9162544050000000e-01
l=0 n=4
  1.1983333120000000e+03 -6.2207145649999997e-02
  2.5941344950000001e+02  2.9768045960000000e-05
  8.4345136640000007e+01  5.5885492209999998e-01
  3.2394114950000002e+01  4.9776732180000000e-01
l=0 n=4
  1.3399953469999999e+00  4.0451112040000001e-02
  6.1842220179999996e-01 -6.5766910170000004e-01
  2.7399604979999997e-01  3.7925242650000002e-01
  1.4921258770000001e-01  1.0385897340000001e+00
l=0 n=4
  1.2507061750000000e+02 -8.8888587820000003e-02
  3.7447634039999997e+01 -2.0261893260000000e-01
  1.4853267560000001e+01  5.4508865309999999e-01
  6.6033182760000004e+00  6.5170161670000004e-01
l=0 n=4
  1.2940539610000000e+01 -5.8468789039999997e-02
  4.6195088080000000e+00 -4.3980361489999997e-01
  2.0580382980000000e+00  5.3192193219999995e-01
  1.0088341999999999e+00  8.1074676079999997e-01
l=1 n=4
  1.1983333120000000e+03  4.3684348839999998e-02
  2.5941344950000001e+02  2.8637939839999998e-01
  8.4345136640000007e+01  5.8357531409999996e-01
  3.2394114950000002e+01  2.4631343780000001e-01
l=1 n=4
  1.3399953469999999e+00 -8.5861496529999998e-02
  6.1842220179999996e-01 -1.0901541300000001e-01
  2.7399604979999997e-01  7.2340420959999996e-01
  1.4921258770000001e-01  4.1174289400000003e-01
l=1 n=4
  1.2507061750000000e+02 -2.5803639920000000e-02
  3.7447634039999997e+01  1.5914098199999999e-01
  1.4853267560000001e+01  6.2841248299999997e-01
  6.6033182760000004e+00  3.0098385770000002e-01
l=1 n=4
  1.2940539610000000e+01 -6.7466340360000002e-02
  4.6195088080000000e+00  2.0779279080000001e-02
  2.0580382980000000e+00  6.8845389150000003e-01
  1.0088341999999999e+00  3.5148172599999999e-01
l=2 n=4
  1.2507061750000000e+02  6.9207724260000006e-02
  3.7447634039999997e+01  3.7281576950000000e-01
  1.4853267560000001e+01  5.6640926589999996e-01
  6.6033182760000004e+00  1.5859465370000000e-01
l=2 n=4
  1.2940539610000000e+01  3.8699422099999999e-03
  4.6195088080000000e+00  2.9761239979999998e-01
  2.0580382980000000e+00  6.2037345700000002e-01
  1.0088341999999999e+00  1.7355349330000000e-01
end=52
element=53
l=0 n=4
  1.4133488250000000e+04  5.6752420800000002e-02
  2.5862542199999998e+03  2.6014135500000002e-01
  7.1848974190000001e+02  5.3284611429999995e-01
  2.3846028630000001e+02  2.9162544050000000e-01
l=0 n=4
  1.2473703920000000e+03 -6.2207145649999997e-02
  2.7002892530000003e+02  2.9768045960000000e-05
  8.7796629809999999e+01  5.5885492209999998e-01
  3.3719716769999998e+01  4.9776732180000000e-01
l=0 n=4
  1.5096084850000000e+00  4.0451112040000001e-02
  6.9670048149999997e-01 -6.5766910170000004e-01
  3.0867775970000000e-01  3.7925242650000002e-01
  1.6809953040000000e-01  1.0385897340000001e+00
l=0 n=4
  1.3181291200000001e+02 -8.8888587820000003e-02
  3.9466357400000000e+01 -2.0261893260000000e-01
  1.5653976040000000e+01  5.4508865309999999e-01
  6.9592893059999996e+00  6.5170161670000004e-01
l=0 n=4
  1.4074935809999999e+01 -5.8468789039999997e-02
  5.0244651219999996e+00 -4.3980361489999997e-01
  2.2384504669999998e+00  5.3192193219999995e-01
  1.0972708280000001e+00  8.1074676079999997e-01
l=1 n=4
  1.2473703920000000e+03  4.3684348839999998e-02
  2.7002892530000003e+02  2.8637939839999998e-01
  8.7796629809999999e+01  5.8357531409999996e-01
  3.3719716769999998e+01  2.4631343780000001e-01
l=1 n=4
  1.5096084850000000e+00 -8.5861496529999998e-02
  6.9670048149999997e-01 -1.0901541300000001e-01
  3.0867775970000000e-01  7.2340420959999996e-01
  1.6809953040000000e-01  4.1174289400000003e-01
l=1 n=4
  1.3181291200000001e+02 -2.5803639920000000e-02
  3.9466357400000000e+01  1.5914098199999999e-01
  1.5653976040000000e+01  6.2841248299999997e-01
  6.9592893059999996e+00  3.0098385770000002e-01
l=1 n=4
  1.4074935809999999e+01 -6.7466340360000002e-02
  5.0244651219999996e+00  2.0779279080000001e-02
  2.2384504669999998e+00  6.8845389150000003e-01
  1.0972708280000001e+00  3.5148172599999999e-01
l=2 n=4
  1.3181291200000001e+02  6.9207724260000006e-02
  3.9466357400000000e+01  3.7281576950000000e-01
  1.5653976040000000e+01  5.6640926589999996e-01
  6.9592893059999996e+00  1.5859465370000000e-01
l=2 n=4
  1.4074935809999999e+01  3.8699422099999999e-03
  5.0244651219999996e+00  2.9761239979999998e-01
  2.2384504669999998e+00  6.2037345700000002e-01
  1.0972708280000001e+00  1.7355349330000000e-01
end=53
element=54
l=0 n=4
  1.4670710560000000e+04  5.6752420800000002e-02
  2.6845592830000001e+03  2.6014135500000002e-01
  7.4579996480000000e+02  5.3284611429999995e-01
  2.4752430380000001e+02  2.9162544050000000e-01
l=0 n=4
  1.2973907790000001e+03 -6.2207145649999997e-02
  2.8085726579999999e+02  2.9768045960000000e-05
  9.1317333399999995e+01  5.5885492209999998e-01
  3.5071899960000003e+01  4.9776732180000000e-01
l=0 n=4
  1.7025498740000000e+00  4.0451112040000001e-02
  7.8574499860000002e-01 -6.5766910170000004e-01
  3.4812952240000000e-01  3.7925242650000002e-01
  1.8958414520000000e-01  1.0385897340000001e+00
l=0 n=4
  1.3851329190000001e+02 -8.8888587820000003e-02
  4.1472531019999998e+01 -2.0261893260000000e-01
  1.6449706780000000e+01  5.4508865309999999e-01
  7.3130473800000004e+00  6.5170161670000004e-01
l=0 n=4
  1.5256987010000000e+01 -5.8468789039999997e-02
  5.4464332999999998e+00 -4.3980361489999997e-01
  2.4264415950000000e+00  5.3192193219999995e-01
  1.1894226010000000e+00  8.1074676079999997e-01
l=1 n=4
  1.2973907790000001e+03  4.3684348839999998e-02
  2.8085726579999999e+02  2.8637939839999998e-01
  9.1317333399999995e+01  5.8357531409999996e-01
  3.5071899960000003e+01  2.4631343780000001e-01
l=1 n=4
  1.7025498740000000e+00 -8.5861496529999998e-02
  7.8574499860000002e-01 -1.0901541300000001e-01
  3.4812952240000000e-01  7.2340420959999996e-01
  1.8958414520000000e-01  4.1174289400000003e-01
l=1 n=4
  1.3851329190000001e+02 -2.5803639920000000e-02
  4.1472531019999998e+01  1.5914098199999999e-01
  1.6449706780000000e+01  6.2841248299999997e-01
  7.3130473800000004e+00  3.0098385770000002e-01
l=1 n=4
  1.5256987010000000e+01 -6.7466340360000002e-02
  5.4464332999999998e+00  2.0779279080000001e-02
  2.4264415950000000e+00  6.8845389150000003e-01
  1.1894226010000000e+00  3.5148172599999999e-01
l=2 n=4
  1.3851329190000001e+02  6.9207724260000006e-02
  4.1472531019999998e+01  3.7281576950000000e-01
  1.6449706780000000e+01  5.6640926589999996e-01
  7.3130473800000004e+00  1.5859465370000000e-01
l=2 n=4
  1.5256987010000000e+01  3.8699422099999999e-03
  5.4464332999999998e+00  2.9761239979999998e-01
  2.4264415950000000e+00  6.2037345700000002e-01
  1.1894226010000000e+00  1.7355349330000000e-01
end=54
