element=21
l=0 n=21
  4.7894580000000000e+06  3.9999999999999998e-06
  7.1713800000000000e+05  3.4999999999999997e-05
  1.6319939999999999e+05  1.8200000000000001e-04
  4.6226070000000000e+04  7.6800000000000002e-04
  1.5081030000000001e+04  2.7889999999999998e-03
  5.4444930000000004e+03  9.0270000000000003e-03
  2.1234479999999999e+03  2.6349999999999998e-02
  8.8059100000000001e+02  6.8881999999999999e-02
  3.8377289999999999e+02  1.5563299999999999e-01
  1.7411980000000000e+02  2.8171000000000002e-01
  8.1551829999999995e+01  3.4817999999999999e-01
  3.8765870000000000e+01  2.1936100000000000e-01
  1.7229620000000001e+01  3.8914999999999998e-02
  8.4303480000000004e+00 -2.0839999999999999e-03
  4.1058190000000003e+00  1.7110000000000001e-03
  1.8066249999999999e+00 -7.9900000000000001e-04
  8.7042299999999995e-01  3.6000000000000002e-04
  3.9684100000000000e-01 -1.5200000000000001e-04
  9.5711000000000004e-02  6.0999999999999999e-05
  4.8246999999999998e-02 -4.8000000000000001e-05
  2.2661000000000001e-02  0.0000000000000000e+00
l=0 n=21
  4.7894580000000000e+06 -9.9999999999999995e-07
  7.1713800000000000e+05 -1.0000000000000001e-05
  1.6319939999999999e+05 -5.3000000000000001e-05
  4.6226070000000000e+04 -2.2499999999999999e-04
  1.5081030000000001e+04 -8.1999999999999998e-04
  5.4444930000000004e+03 -2.6660000000000000e-03
  2.1234479999999999e+03 -7.9010000000000000e-03
  8.8059100000000001e+02 -2.1259000000000000e-02
  3.8377289999999999e+02 -5.1441000000000001e-02
  1.7411980000000000e+02 -1.0641399999999999e-01
  8.1551829999999995e+01 -1.7352899999999999e-01
  3.8765870000000000e+01 -1.5327199999999999e-01
  1.7229620000000001e+01  1.3156399999999999e-01
  8.4303480000000004e+00  5.3694100000000000e-01
  4.1058190000000003e+00  4.3489400000000000e-01
  1.8066249999999999e+00  6.7486000000000004e-02
  8.7042299999999995e-01 -2.7360000000000002e-03
  3.9684100000000000e-01  2.0550000000000000e-03
  9.5711000000000004e-02 -5.0000000000000001e-04
  4.8246999999999998e-02  3.9199999999999999e-04
  2.2661000000000001e-02  0.0000000000000000e+00
l=0 n=21
  4.7894580000000000e+06  0.0000000000000000e+00
  7.1713800000000000e+05  3.9999999999999998e-06
  1.6319939999999999e+05  1.8000000000000000e-05
  4.6226070000000000e+04  7.8999999999999996e-05
  1.5081030000000001e+04  2.8200000000000002e-04
  5.4444930000000004e+03  9.2900000000000003e-04
  2.1234479999999999e+03  2.7469999999999999e-03
  8.8059100000000001e+02  7.4180000000000001e-03
  3.8377289999999999e+02  1.8117999999999999e-02
  1.7411980000000000e+02  3.7970999999999998e-02
  8.1551829999999995e+01  6.4343999999999998e-02
  3.8765870000000000e+01  5.9325000000000003e-02
  1.7229620000000001e+01 -5.5638000000000000e-02
  8.4303480000000004e+00 -3.0719400000000002e-01
  4.1058190000000003e+00 -3.9969399999999999e-01
  1.8066249999999999e+00  1.5766400000000000e-01
  8.7042299999999995e-01  6.9409900000000002e-01
  3.9684100000000000e-01  3.9803300000000003e-01
  9.5711000000000004e-02  2.3106999999999999e-02
  4.8246999999999998e-02 -8.9200000000000008e-03
  2.2661000000000001e-02  0.0000000000000000e+00
l=0 n=21
  4.7894580000000000e+06  0.0000000000000000e+00
  7.1713800000000000e+05 -9.9999999999999995e-07
  1.6319939999999999e+05 -5.0000000000000004e-06
  4.6226070000000000e+04 -1.9000000000000001e-05
  1.5081030000000001e+04 -6.9999999999999994e-05
  5.4444930000000004e+03 -2.2800000000000001e-04
  2.1234479999999999e+03 -6.8000000000000005e-04
  8.8059100000000001e+02 -1.8320000000000001e-03
  3.8377289999999999e+02 -4.4759999999999999e-03
  1.7411980000000000e+02 -9.4020000000000006e-03
  8.1551829999999995e+01 -1.5938999999999998e-02
  3.8765870000000000e+01 -1.4843000000000000e-02
  1.7229620000000001e+01  1.4090999999999999e-02
  8.4303480000000004e+00  8.0085000000000003e-02
  4.1058190000000003e+00  1.1109100000000000e-01
  1.8066249999999999e+00 -5.6113000000000003e-02
  8.7042299999999995e-01 -2.4140500000000001e-01
  3.9684100000000000e-01 -2.9670999999999997e-01
  9.5711000000000004e-02  3.3100900000000000e-01
  4.8246999999999998e-02  6.3076100000000002e-01
  2.2661000000000001e-02  0.0000000000000000e+00
l=0 n=21
  4.7894580000000000e+06 -1.0000000000000001e-05
  7.1713800000000000e+05  8.1000000000000004e-05
  1.6319939999999999e+05 -5.1999999999999997e-05
  4.6226070000000000e+04 -1.5000000000000000e-05
  1.5081030000000001e+04 -1.2799999999999999e-04
  5.4444930000000004e+03 -3.6900000000000002e-04
  2.1234479999999999e+03 -1.1709999999999999e-03
  8.8059100000000001e+02 -2.9350000000000001e-03
  3.8377289999999999e+02 -7.8779999999999996e-03
  1.7411980000000000e+02 -1.4541000000000000e-02
  8.1551829999999995e+01 -2.9704000000000001e-02
  3.8765870000000000e+01 -1.8058000000000001e-02
  1.7229620000000001e+01  5.8640000000000003e-03
  8.4303480000000004e+00  1.8014300000000000e-01
  4.1058190000000003e+00  1.1751700000000000e-01
  1.8066249999999999e+00  5.4481000000000002e-02
  8.7042299999999995e-01 -9.2045200000000005e-01
  3.9684100000000000e-01  1.3433500000000001e-01
  9.5711000000000004e-02  2.1416409999999999e+00
  4.8246999999999998e-02 -1.1651950000000000e+00
  2.2661000000000001e-02  0.0000000000000000e+00
l=0 n=21
  4.7894580000000000e+06  1.1000000000000000e-05
  7.1713800000000000e+05 -5.5999999999999999e-05
  1.6319939999999999e+05  1.3999999999999999e-04
  4.6226070000000000e+04 -6.3100000000000005e-04
  1.5081030000000001e+04  1.6770000000000001e-03
  5.4444930000000004e+03 -7.8969999999999995e-03
  2.1234479999999999e+03  9.5149999999999992e-03
  8.8059100000000001e+02  3.6099999999999999e-04
  3.8377289999999999e+02  1.5395000000000001e-02
  1.7411980000000000e+02  2.0931000000000002e-02
  8.1551829999999995e+01  5.1695999999999999e-02
  3.8765870000000000e+01  2.1548000000000001e-02
  1.7229620000000001e+01  1.0607000000000000e-02
  8.4303480000000004e+00 -3.5284300000000002e-01
  4.1058190000000003e+00 -1.4098300000000000e-01
  1.8066249999999999e+00 -9.5988000000000004e-02
  8.7042299999999995e-01  2.3785829999999999e+00
  3.9684100000000000e-01 -2.5788460000000000e+00
  9.5711000000000004e-02 -3.7069900000000000e-01
  4.8246999999999998e-02  2.8667080000000000e+00
  2.2661000000000001e-02  0.0000000000000000e+00
l=0 n=21
  4.7894580000000000e+06  0.0000000000000000e+00
  7.1713800000000000e+05  0.0000000000000000e+00
  1.6319939999999999e+05  0.0000000000000000e+00
  4.6226070000000000e+04  0.0000000000000000e+00
  1.5081030000000001e+04  0.0000000000000000e+00
  5.4444930000000004e+03  0.0000000000000000e+00
  2.1234479999999999e+03  0.0000000000000000e+00
  8.8059100000000001e+02  0.0000000000000000e+00
  3.8377289999999999e+02  0.0000000000000000e+00
  1.7411980000000000e+02  0.0000000000000000e+00
  8.1551829999999995e+01  0.0000000000000000e+00
  3.8765870000000000e+01  0.0000000000000000e+00
  1.7229620000000001e+01  0.0000000000000000e+00
  8.4303480000000004e+00  0.0000000000000000e+00
  4.1058190000000003e+00  0.0000000000000000e+00
  1.8066249999999999e+00  0.0000000000000000e+00
  8.7042299999999995e-01  0.0000000000000000e+00
  3.9684100000000000e-01  0.0000000000000000e+00
  9.5711000000000004e-02  0.0000000000000000e+00
  4.8246999999999998e-02  0.0000000000000000e+00
  2.2661000000000001e-02  1.0000000000000000e+00
l=1 n=16
  7.1189870000000001e+03  9.0000000000000006e-05
  1.6859150000000000e+03  7.9500000000000003e-04
  5.4745920000000001e+02  4.5009999999999998e-03
  2.0901870000000000e+02  1.9016000000000002e-02
  8.8226380000000006e+01  6.2969999999999998e-02
  3.9908749999999998e+01  1.6043099999999999e-01
  1.8851720000000000e+01  2.9752600000000001e-01
  9.1417629999999992e+00  3.6822800000000000e-01
  4.5039140000000000e+00  2.3435400000000001e-01
  2.1430920000000002e+00  4.8885999999999999e-02
  1.0076110000000000e+00  7.4600000000000003e-04
  4.6315400000000001e-01  7.6800000000000002e-04
  1.9306000000000001e-01 -2.5399999999999999e-04
  7.7219999999999997e-02  1.1400000000000001e-04
  3.0890000000000001e-02 -5.5999999999999999e-05
  1.2359999999999999e-02  0.0000000000000000e+00
l=1 n=16
  7.1189870000000001e+03 -3.0000000000000001e-05
  1.6859150000000000e+03 -2.6200000000000003e-04
  5.4745920000000001e+02 -1.4829999999999999e-03
  2.0901870000000000e+02 -6.3390000000000000e-03
  8.8226380000000006e+01 -2.1311000000000000e-02
  3.9908749999999998e+01 -5.6328999999999997e-02
  1.8851720000000000e+01 -1.0797400000000000e-01
  9.1417629999999992e+00 -1.4451400000000000e-01
  4.5039140000000000e+00 -5.6084000000000002e-02
  2.1430920000000002e+00  2.3966899999999999e-01
  1.0076110000000000e+00  4.7463200000000000e-01
  4.6315400000000001e-01  3.6473899999999998e-01
  1.9306000000000001e-01  7.7778000000000000e-02
  7.7219999999999997e-02 -1.5240000000000000e-03
  3.0890000000000001e-02  2.2560000000000002e-03
  1.2359999999999999e-02  0.0000000000000000e+00
l=1 n=16
  7.1189870000000001e+03  9.0000000000000002e-06
  1.6859150000000000e+03  7.6000000000000004e-05
  5.4745920000000001e+02  4.4200000000000001e-04
  2.0901870000000000e+02  1.8480000000000000e-03
  8.8226380000000006e+01  6.3639999999999999e-03
  3.9908749999999998e+01  1.6430000000000000e-02
  1.8851720000000000e+01  3.2683999999999998e-02
  9.1417629999999992e+00  4.1777000000000002e-02
  4.5039140000000000e+00  1.9199000000000001e-02
  2.1430920000000002e+00 -8.9177999999999993e-02
  1.0076110000000000e+00 -1.5276899999999999e-01
  4.6315400000000001e-01 -2.1898999999999999e-01
  1.9306000000000001e-01  2.2795699999999999e-01
  7.7219999999999997e-02  7.6935600000000004e-01
  3.0890000000000001e-02  1.6119500000000000e-01
  1.2359999999999999e-02  0.0000000000000000e+00
l=1 n=16
  7.1189870000000001e+03  4.5399999999999998e-04
  1.6859150000000000e+03 -2.3100000000000000e-03
  5.4745920000000001e+02  2.2250000000000000e-03
  2.0901870000000000e+02  3.3960000000000001e-03
  8.8226380000000006e+01  1.2239999999999999e-02
  3.9908749999999998e+01  3.5637000000000002e-02
  1.8851720000000000e+01  5.9504000000000001e-02
  9.1417629999999992e+00  1.0513000000000000e-01
  4.5039140000000000e+00  1.1712000000000000e-02
  2.1430920000000002e+00 -1.4084199999999999e-01
  1.0076110000000000e+00 -6.4118100000000000e-01
  4.6315400000000001e-01  1.2215200000000000e-01
  1.9306000000000001e-01  1.3953750000000000e+00
  7.7219999999999997e-02 -7.0627899999999999e-01
  3.0890000000000001e-02 -4.3003000000000002e-01
  1.2359999999999999e-02  0.0000000000000000e+00
l=1 n=16
  7.1189870000000001e+03 -5.0199999999999995e-04
  1.6859150000000000e+03  2.0750000000000000e-03
  5.4745920000000001e+02 -6.6550000000000003e-03
  2.0901870000000000e+02  1.8780000000000002e-02
  8.8226380000000006e+01 -7.2611999999999996e-02
  3.9908749999999998e+01  1.1811000000000001e-01
  1.8851720000000000e+01  4.3212000000000000e-02
  9.1417629999999992e+00  1.4466599999999999e-01
  4.5039140000000000e+00  8.2228999999999997e-02
  2.1430920000000002e+00 -3.6999500000000002e-01
  1.0076110000000000e+00 -1.2279850000000001e+00
  4.6315400000000001e-01  2.4506950000000001e+00
  1.9306000000000001e-01 -1.2087559999999999e+00
  7.7219999999999997e-02 -6.5865300000000004e-01
  3.0890000000000001e-02  1.1267959999999999e+00
  1.2359999999999999e-02  0.0000000000000000e+00
l=1 n=16
  7.1189870000000001e+03  0.0000000000000000e+00
  1.6859150000000000e+03  0.0000000000000000e+00
  5.4745920000000001e+02  0.0000000000000000e+00
  2.0901870000000000e+02  0.0000000000000000e+00
  8.8226380000000006e+01  0.0000000000000000e+00
  3.9908749999999998e+01  0.0000000000000000e+00
  1.8851720000000000e+01  0.0000000000000000e+00
  9.1417629999999992e+00  0.0000000000000000e+00
  4.5039140000000000e+00  0.0000000000000000e+00
  2.1430920000000002e+00  0.0000000000000000e+00
  1.0076110000000000e+00  0.0000000000000000e+00
  4.6315400000000001e-01  0.0000000000000000e+00
  1.9306000000000001e-01  0.0000000000000000e+00
  7.7219999999999997e-02  0.0000000000000000e+00
  3.0890000000000001e-02  0.0000000000000000e+00
  1.2359999999999999e-02  1.0000000000000000e+00
l=2 n=9
  7.3518680000000003e+01  1.9940000000000001e-03
  2.1760999999999999e+01  1.4491000000000000e-02
  7.9217550000000001e+00  5.6044999999999998e-02
  3.1842000000000001e+00  1.5048400000000001e-01
  1.3426210000000001e+00  2.6744200000000001e-01
  5.6152400000000002e-01  3.3298100000000003e-01
  2.2770499999999999e-01  3.3187499999999998e-01
  8.5240999999999997e-02  2.1653300000000000e-01
  3.4099999999999998e-02  5.0220000000000001e-02
l=2 n=9
  7.3518680000000003e+01 -2.0560000000000001e-03
  2.1760999999999999e+01 -1.5129999999999999e-02
  7.9217550000000001e+00 -5.8589000000000002e-02
  3.1842000000000001e+00 -1.6007600000000000e-01
  1.3426210000000001e+00 -2.6544600000000002e-01
  5.6152400000000002e-01 -2.8177900000000000e-01
  2.2770499999999999e-01  1.4316400000000001e-01
  8.5240999999999997e-02  5.9849900000000000e-01
  3.4099999999999998e-02  2.6481900000000003e-01
l=2 n=9
  7.3518680000000003e+01 -2.2580000000000000e-03
  2.1760999999999999e+01 -2.1800000000000000e-02
  7.9217550000000001e+00 -7.2568999999999995e-02
  3.1842000000000001e+00 -2.2221500000000000e-01
  1.3426210000000001e+00 -3.3866200000000002e-01
  5.6152400000000002e-01 -1.9892000000000000e-02
  2.2770499999999999e-01  8.6451199999999995e-01
  8.5240999999999997e-02 -1.5860600000000000e-01
  3.4099999999999998e-02 -6.5021499999999999e-01
l=2 n=9
  7.3518680000000003e+01  2.3533999999999999e-02
  2.1760999999999999e+01 -1.0370699999999999e-01
  7.9217550000000001e+00  1.8765000000000001e-01
  3.1842000000000001e+00  2.5224299999999999e-01
  1.3426210000000001e+00  4.5887099999999997e-01
  5.6152400000000002e-01 -9.5550000000000002e-01
  2.2770499999999999e-01  5.3200000000000003e-04
  8.5240999999999997e-02  1.0895049999999999e+00
  3.4099999999999998e-02 -1.0172180000000000e+00
l=3 n=6
  2.9645999999999999e+00  3.4303000000000000e-02
  1.1859000000000000e+00  1.0163899999999999e-01
  4.7430000000000000e-01  3.2397799999999999e-01
  1.8970000000000001e-01  5.1659800000000000e-01
  7.5899999999999995e-02  2.9400300000000001e-01
  3.0400000000000000e-02  2.6641000000000001e-02
l=3 n=6
  2.9645999999999999e+00  1.2908200000000000e-01
  1.1859000000000000e+00  3.1694499999999998e-01
  4.7430000000000000e-01  5.7742099999999996e-01
  1.8970000000000001e-01 -2.1350300000000000e-01
  7.5899999999999995e-02 -5.5822700000000003e-01
  3.0400000000000000e-02 -5.9128000000000000e-02
l=3 n=6
  2.9645999999999999e+00 -2.4508199999999999e-01
  1.1859000000000000e+00 -5.1264799999999999e-01
  4.7430000000000000e-01  6.5000000000000002e-02
  1.8970000000000001e-01  9.0345799999999998e-01
  7.5899999999999995e-02 -8.3182299999999998e-01
  3.0400000000000000e-02 -1.2931999999999999e-01
l=4 n=4
  1.4228000000000001e+00  9.8339999999999997e-02
  5.6910000000000005e-01  3.5783799999999999e-01
  2.2760000000000000e-01  5.6817200000000001e-01
  9.1060000000000002e-02  2.5233400000000000e-01
l=4 n=4
  1.4228000000000001e+00  1.2021280000000001e+00
  5.6910000000000005e-01 -5.4747699999999999e-01
  2.2760000000000000e-01  2.9201000000000001e-02
  9.1060000000000002e-02 -9.9890000000000007e-02
end=21
element=22
l=0 n=21
  5.3091480999999996e+06  3.9999999999999998e-06
  7.9495165000000002e+05  3.4000000000000000e-05
  1.8090756000000000e+05  1.8000000000000001e-04
  5.1241932999999997e+04  7.5900000000000002e-04
  1.6717449000000001e+04  2.7569999999999999e-03
  6.0352659000000003e+03  8.9250000000000006e-03
  2.3538571000000002e+03  2.6061999999999998e-02
  9.7614646000000005e+02  6.8190000000000001e-02
  4.2543563000000000e+02  1.5434899999999999e-01
  1.9304677000000001e+02  2.8028199999999998e-01
  9.0439368999999999e+01  3.4839999999999999e-01
  4.3020713000000001e+01  2.2170500000000001e-01
  1.9190555000000000e+01  4.0017999999999998e-02
  9.4257164000000007e+00 -2.1380000000000001e-03
  4.6052434000000000e+00  1.7220000000000000e-03
  2.0378343000000001e+00 -8.0199999999999998e-04
  9.8003180000000001e-01  3.5599999999999998e-04
  4.4562540000000000e-01 -1.4799999999999999e-04
  1.0641700000000000e-01  5.7000000000000003e-05
  5.2570499999999999e-02 -4.3999999999999999e-05
  2.4356800000000001e-02  0.0000000000000000e+00
l=0 n=21
  5.3091480999999996e+06 -9.9999999999999995e-07
  7.9495165000000002e+05 -1.0000000000000001e-05
  1.8090756000000000e+05 -5.3000000000000001e-05
  5.1241932999999997e+04 -2.2400000000000000e-04
  1.6717449000000001e+04 -8.1800000000000004e-04
  6.0352659000000003e+03 -2.6589999999999999e-03
  2.3538571000000002e+03 -7.8790000000000006e-03
  9.7614646000000005e+02 -2.1222000000000001e-02
  4.2543563000000000e+02 -5.1422000000000002e-02
  1.9304677000000001e+02 -1.0670200000000001e-01
  9.0439368999999999e+01 -1.7468600000000001e-01
  4.3020713000000001e+01 -1.5604100000000001e-01
  1.9190555000000000e+01  1.2932299999999999e-01
  9.4257164000000007e+00  5.3846400000000005e-01
  4.6052434000000000e+00  4.3570799999999998e-01
  2.0378343000000001e+00  6.8116999999999997e-02
  9.8003180000000001e-01 -2.4359999999999998e-03
  4.4562540000000000e-01  1.9870000000000001e-03
  1.0641700000000000e-01 -4.5600000000000003e-04
  5.2570499999999999e-02  3.5399999999999999e-04
  2.4356800000000001e-02  0.0000000000000000e+00
l=0 n=21
  5.3091480999999996e+06  0.0000000000000000e+00
  7.9495165000000002e+05  3.9999999999999998e-06
  1.8090756000000000e+05  1.8000000000000000e-05
  5.1241932999999997e+04  8.1000000000000004e-05
  1.6717449000000001e+04  2.8899999999999998e-04
  6.0352659000000003e+03  9.5100000000000002e-04
  2.3538571000000002e+03  2.8119999999999998e-03
  9.7614646000000005e+02  7.6020000000000003e-03
  4.2543563000000000e+02  1.8592000000000001e-02
  1.9304677000000001e+02  3.9085000000000002e-02
  9.0439368999999999e+01  6.6498000000000002e-02
  4.3020713000000001e+01  6.2045999999999997e-02
  1.9190555000000000e+01 -5.6249000000000000e-02
  9.4257164000000007e+00 -3.1808900000000001e-01
  4.6052434000000000e+00 -4.0582699999999999e-01
  2.0378343000000001e+00  1.7043200000000000e-01
  9.8003180000000001e-01  6.9759599999999999e-01
  4.4562540000000000e-01  3.8915000000000000e-01
  1.0641700000000000e-01  2.1895999999999999e-02
  5.2570499999999999e-02 -8.2539999999999992e-03
  2.4356800000000001e-02  0.0000000000000000e+00
l=0 n=21
  5.3091480999999996e+06  0.0000000000000000e+00
  7.9495165000000002e+05 -9.9999999999999995e-07
  1.8090756000000000e+05 -5.0000000000000004e-06
  5.1241932999999997e+04 -1.9000000000000001e-05
  1.6717449000000001e+04 -7.1000000000000005e-05
  6.0352659000000003e+03 -2.2900000000000001e-04
  2.3538571000000002e+03 -6.8300000000000001e-04
  9.7614646000000005e+02 -1.8400000000000001e-03
  4.2543563000000000e+02 -4.5110000000000003e-03
  1.9304677000000001e+02 -9.4850000000000004e-03
  9.0439368999999999e+01 -1.6206999999999999e-02
  4.3020713000000001e+01 -1.5191000000000000e-02
  1.9190555000000000e+01  1.3849999999999999e-02
  9.4257164000000007e+00  8.2358000000000001e-02
  4.6052434000000000e+00  1.1087400000000000e-01
  2.0378343000000001e+00 -5.8296000000000001e-02
  9.8003180000000001e-01 -2.4861500000000000e-01
  4.4562540000000000e-01 -2.7921600000000002e-01
  1.0641700000000000e-01  3.4331299999999998e-01
  5.2570499999999999e-02  6.1491700000000005e-01
  2.4356800000000001e-02  0.0000000000000000e+00
l=0 n=21
  5.3091480999999996e+06 -1.1000000000000000e-05
  7.9495165000000002e+05  8.7000000000000001e-05
  1.8090756000000000e+05 -5.5000000000000002e-05
  5.1241932999999997e+04 -1.5999999999999999e-05
  1.6717449000000001e+04 -1.3300000000000001e-04
  6.0352659000000003e+03 -3.9599999999999998e-04
  2.3538571000000002e+03 -1.2340000000000001e-03
  9.7614646000000005e+02 -3.1340000000000001e-03
  4.2543563000000000e+02 -8.3599999999999994e-03
  1.9304677000000001e+02 -1.5535999999999999e-02
  9.0439368999999999e+01 -3.1895000000000000e-02
  4.3020713000000001e+01 -1.9505000000000002e-02
  1.9190555000000000e+01  5.0340000000000003e-03
  9.4257164000000007e+00  1.9695099999999999e-01
  4.6052434000000000e+00  1.2216200000000001e-01
  2.0378343000000001e+00  4.8323999999999999e-02
  9.8003180000000001e-01 -1.0031570000000001e+00
  4.4562540000000000e-01  2.5696700000000000e-01
  1.0641700000000000e-01  2.0565020000000001e+00
  5.2570499999999999e-02 -1.1902550000000001e+00
  2.4356800000000001e-02  0.0000000000000000e+00
l=0 n=21
  5.3091480999999996e+06  4.6000000000000000e-05
  7.9495165000000002e+05 -2.0000000000000001e-04
  1.8090756000000000e+05  7.6300000000000001e-04
  5.1241932999999997e+04 -2.1410000000000001e-03
  1.6717449000000001e+04  6.1820000000000000e-03
  6.0352659000000003e+03 -5.6600000000000001e-03
  2.3538571000000002e+03  7.2700000000000000e-04
  9.7614646000000005e+02 -6.5599999999999999e-03
  4.2543563000000000e+02 -1.2585000000000001e-02
  1.9304677000000001e+02 -2.4961000000000001e-02
  9.0439368999999999e+01 -5.2817999999999997e-02
  4.3020713000000001e+01 -2.7111000000000000e-02
  1.9190555000000000e+01 -5.0549999999999996e-03
  9.4257164000000007e+00  3.6865100000000001e-01
  4.6052434000000000e+00  1.8031100000000000e-01
  2.0378343000000001e+00 -2.6237000000000000e-02
  9.8003180000000001e-01 -2.3503980000000002e+00
  4.4562540000000000e-01  2.7374740000000002e+00
  1.0641700000000000e-01 -1.4983700000000000e-01
  5.2570499999999999e-02 -2.2160630000000001e+00
  2.4356800000000001e-02  0.0000000000000000e+00
l=0 n=21
  5.3091480999999996e+06  0.0000000000000000e+00
  7.9495165000000002e+05  0.0000000000000000e+00
  1.8090756000000000e+05  0.0000000000000000e+00
  5.1241932999999997e+04  0.0000000000000000e+00
  1.6717449000000001e+04  0.0000000000000000e+00
  6.0352659000000003e+03  0.0000000000000000e+00
  2.3538571000000002e+03  0.0000000000000000e+00
  9.7614646000000005e+02  0.0000000000000000e+00
  4.2543563000000000e+02  0.0000000000000000e+00
  1.9304677000000001e+02  0.0000000000000000e+00
  9.0439368999999999e+01  0.0000000000000000e+00
  4.3020713000000001e+01  0.0000000000000000e+00
  1.9190555000000000e+01  0.0000000000000000e+00
  9.4257164000000007e+00  0.0000000000000000e+00
  4.6052434000000000e+00  0.0000000000000000e+00
  2.0378343000000001e+00  0.0000000000000000e+00
  9.8003180000000001e-01  0.0000000000000000e+00
  4.4562540000000000e-01  0.0000000000000000e+00
  1.0641700000000000e-01  0.0000000000000000e+00
  5.2570499999999999e-02  0.0000000000000000e+00
  2.4356800000000001e-02  1.0000000000000000e+00
l=1 n=16
  7.9998045000000002e+03  8.7999999999999998e-05
  1.8944514999999999e+03  7.7700000000000002e-04
  6.1518748000000005e+02  4.4039999999999999e-03
  2.3492741000000001e+02  1.8664000000000000e-02
  9.9213752999999997e+01  6.2072000000000002e-02
  4.4916139999999999e+01  1.5907700000000000e-01
  2.1249717000000000e+01  2.9697000000000001e-01
  1.0330458000000000e+01  3.6880099999999999e-01
  5.1049799000000000e+00  2.3482600000000001e-01
  2.4406903999999998e+00  4.9355999999999997e-02
  1.1512050000000000e+00  9.9200000000000004e-04
  5.2955560000000002e-01  8.0400000000000003e-04
  2.2119000000000000e-01 -2.2000000000000001e-04
  8.7999999999999995e-02  1.0600000000000000e-04
  3.5000000000000003e-02 -5.1999999999999997e-05
  1.4000000000000000e-02  0.0000000000000000e+00
l=1 n=16
  7.9998045000000002e+03 -2.9000000000000000e-05
  1.8944514999999999e+03 -2.6100000000000000e-04
  6.1518748000000005e+02 -1.4820000000000000e-03
  2.3492741000000001e+02 -6.3569999999999998e-03
  9.9213752999999997e+01 -2.1477000000000000e-02
  4.4916139999999999e+01 -5.7133999999999997e-02
  2.1249717000000000e+01 -1.1046599999999999e-01
  1.0330458000000000e+01 -1.4814700000000000e-01
  5.1049799000000000e+00 -5.5426000000000003e-02
  2.4406903999999998e+00  2.4556200000000000e-01
  1.1512050000000000e+00  4.7571300000000000e-01
  5.2955560000000002e-01  3.5942600000000002e-01
  2.2119000000000000e-01  7.6616000000000004e-02
  8.7999999999999995e-02 -1.3159999999999999e-03
  3.5000000000000003e-02  2.1069999999999999e-03
  1.4000000000000000e-02  0.0000000000000000e+00
l=1 n=16
  7.9998045000000002e+03  9.0000000000000002e-06
  1.8944514999999999e+03  7.7000000000000001e-05
  6.1518748000000005e+02  4.4700000000000002e-04
  2.3492741000000001e+02  1.8749999999999999e-03
  9.9213752999999997e+01  6.4859999999999996e-03
  4.4916139999999999e+01  1.6879000000000002e-02
  2.1249717000000000e+01  3.3783000000000001e-02
  1.0330458000000000e+01  4.3557999999999999e-02
  5.1049799000000000e+00  1.8780000000000002e-02
  2.4406903999999998e+00 -9.2049000000000006e-02
  1.1512050000000000e+00 -1.6002700000000000e-01
  5.2955560000000002e-01 -2.0824699999999999e-01
  2.2119000000000000e-01  2.3960000000000001e-01
  8.7999999999999995e-02  7.4982800000000005e-01
  3.5000000000000003e-02  1.7260600000000001e-01
  1.4000000000000000e-02  0.0000000000000000e+00
l=1 n=16
  7.9998045000000002e+03 -2.7500000000000002e-04
  1.8944514999999999e+03  2.7599999999999999e-04
  6.1518748000000005e+02  8.0000000000000004e-04
  2.3492741000000001e+02  3.8990000000000001e-03
  9.9213752999999997e+01  1.2311000000000001e-02
  4.4916139999999999e+01  3.5083999999999997e-02
  2.1249717000000000e+01  6.2687999999999994e-02
  1.0330458000000000e+01  1.0123600000000001e-01
  5.1049799000000000e+00  1.8794999999999999e-02
  2.4406903999999998e+00 -1.6096900000000000e-01
  1.1512050000000000e+00 -6.0822699999999996e-01
  5.2955560000000002e-01  1.1163600000000000e-01
  2.2119000000000000e-01  1.3650389999999999e+00
  8.7999999999999995e-02 -6.5599600000000002e-01
  3.5000000000000003e-02 -4.6952800000000000e-01
  1.4000000000000000e-02  0.0000000000000000e+00
l=1 n=16
  7.9998045000000002e+03 -9.6000000000000002e-04
  1.8944514999999999e+03  4.3610000000000003e-03
  6.1518748000000005e+02 -1.4982000000000001e-02
  2.3492741000000001e+02  1.4487999999999999e-02
  9.9213752999999997e+01  1.3575000000000000e-02
  4.4916139999999999e+01  3.8995000000000002e-02
  2.1249717000000000e+01  9.2579999999999996e-02
  1.0330458000000000e+01  1.1351100000000000e-01
  5.1049799000000000e+00  1.1715900000000000e-01
  2.4406903999999998e+00 -4.6187099999999998e-01
  1.1512050000000000e+00 -1.1103390000000000e+00
  5.2955560000000002e-01  2.3649510000000000e+00
  2.2119000000000000e-01 -1.1476610000000000e+00
  8.7999999999999995e-02 -6.8412300000000004e-01
  3.5000000000000003e-02  1.1124400000000001e+00
  1.4000000000000000e-02  0.0000000000000000e+00
l=1 n=16
  7.9998045000000002e+03  0.0000000000000000e+00
  1.8944514999999999e+03  0.0000000000000000e+00
  6.1518748000000005e+02  0.0000000000000000e+00
  2.3492741000000001e+02  0.0000000000000000e+00
  9.9213752999999997e+01  0.0000000000000000e+00
  4.4916139999999999e+01  0.0000000000000000e+00
  2.1249717000000000e+01  0.0000000000000000e+00
  1.0330458000000000e+01  0.0000000000000000e+00
  5.1049799000000000e+00  0.0000000000000000e+00
  2.4406903999999998e+00  0.0000000000000000e+00
  1.1512050000000000e+00  0.0000000000000000e+00
  5.2955560000000002e-01  0.0000000000000000e+00
  2.2119000000000000e-01  0.0000000000000000e+00
  8.7999999999999995e-02  0.0000000000000000e+00
  3.5000000000000003e-02  0.0000000000000000e+00
  1.4000000000000000e-02  1.0000000000000000e+00
l=2 n=9
  8.9569201000000007e+01  1.9659999999999999e-03
  2.6584356000000000e+01  1.4718999999999999e-02
  9.7710322999999999e+00  5.8208000000000003e-02
  3.9619328999999999e+00  1.5816800000000000e-01
  1.6892689000000001e+00  2.8283500000000000e-01
  7.1567060000000005e-01  3.4535199999999999e-01
  2.9381059999999998e-01  3.1843700000000003e-01
  1.1083050000000000e-01  1.8565999999999999e-01
  4.3999999999999997e-02  3.7631999999999999e-02
l=2 n=9
  8.9569201000000007e+01 -2.0110000000000002e-03
  2.6584356000000000e+01 -1.5095000000000001e-02
  9.7710322999999999e+00 -6.0359999999999997e-02
  3.9619328999999999e+00 -1.6726500000000000e-01
  1.6892689000000001e+00 -2.7406599999999998e-01
  7.1567060000000005e-01 -2.5050299999999998e-01
  2.9381059999999998e-01  2.0227100000000001e-01
  1.1083050000000000e-01  5.9100900000000001e-01
  4.3999999999999997e-02  2.4442000000000000e-01
l=2 n=9
  8.9569201000000007e+01 -3.1930000000000001e-03
  2.6584356000000000e+01 -2.4718000000000000e-02
  9.7710322999999999e+00 -1.0117600000000000e-01
  3.9619328999999999e+00 -2.7450100000000000e-01
  1.6892689000000001e+00 -3.7841399999999997e-01
  7.1567060000000005e-01  1.7817500000000000e-01
  2.9381059999999998e-01  8.0565799999999999e-01
  1.1083050000000000e-01 -3.3758199999999999e-01
  4.3999999999999997e-02 -5.0262499999999999e-01
l=2 n=9
  8.9569201000000007e+01  1.9886000000000001e-02
  2.6584356000000000e+01 -4.7466000000000001e-02
  9.7710322999999999e+00 -9.6633999999999998e-02
  3.9619328999999999e+00 -3.6281200000000002e-01
  1.6892689000000001e+00 -2.7826299999999998e-01
  7.1567060000000005e-01  1.0454190000000001e+00
  2.9381059999999998e-01 -3.7592799999999998e-01
  1.1083050000000000e-01 -8.2238100000000003e-01
  4.3999999999999997e-02  9.8272199999999998e-01
l=3 n=6
  5.4349999999999996e+00  2.4215000000000000e-02
  2.1739999999999999e+00  9.8136000000000001e-02
  8.7000000000000000e-01  2.8458600000000001e-01
  3.4799999999999998e-01  4.9480200000000002e-01
  1.3900000000000001e-01  3.4861700000000001e-01
  5.6000000000000001e-02  6.4119999999999996e-02
l=3 n=6
  5.4349999999999996e+00 -7.4853000000000003e-02
  2.1739999999999999e+00 -2.9644399999999999e-01
  8.7000000000000000e-01 -5.5688199999999999e-01
  3.4799999999999998e-01  3.2301999999999997e-02
  1.3900000000000001e-01  5.9267800000000004e-01
  5.6000000000000001e-02  1.4871200000000001e-01
l=3 n=6
  5.4349999999999996e+00 -1.7788799999999999e-01
  2.1739999999999999e+00 -5.0636899999999996e-01
  8.7000000000000000e-01 -1.1956500000000000e-01
  3.4799999999999998e-01  9.2699200000000004e-01
  1.3900000000000001e-01 -5.1840500000000000e-01
  5.6000000000000001e-02 -3.7728499999999998e-01
l=4 n=4
  2.6099999999999999e+00  9.3146000000000007e-02
  1.0440000000000000e+00  2.7937200000000001e-01
  4.1760000000000003e-01  5.6632600000000000e-01
  1.6700000000000001e-01  3.4455000000000002e-01
l=4 n=4
  2.6099999999999999e+00 -3.9603400000000000e-01
  1.0440000000000000e+00 -5.3628699999999996e-01
  4.1760000000000003e-01  6.2454000000000003e-02
  1.6700000000000001e-01  6.3611099999999998e-01
end=22
element=23
l=0 n=20
  3.3218570000000000e+06  9.0000000000000002e-06
  4.9743559999999998e+05  6.8999999999999997e-05
  1.1320270000000000e+05  3.6099999999999999e-04
  3.2063330000000002e+04  1.5219999999999999e-03
  1.0459620000000001e+04  5.5120000000000004e-03
  3.7755059999999999e+03  1.7668000000000000e-02
  1.4720400000000000e+03  5.0382999999999997e-02
  6.0993309999999997e+02  1.2480900000000000e-01
  2.6526339999999999e+02  2.5172600000000001e-01
  1.1986069999999999e+02  3.5922599999999999e-01
  5.5448909999999998e+01  2.7416499999999999e-01
  2.4983720000000002e+01  6.4862000000000003e-02
  1.1880559999999999e+01 -1.1640000000000001e-03
  5.6603110000000001e+00  1.9800000000000000e-03
  2.4957029999999998e+00 -9.1799999999999998e-04
  1.1778660000000001e+00  4.0400000000000001e-04
  5.2004399999999995e-01 -1.6500000000000000e-04
  1.1596500000000000e-01  6.7999999999999999e-05
  5.8937999999999997e-02 -5.5000000000000002e-05
  2.6946000000000001e-02  0.0000000000000000e+00
l=0 n=20
  3.3218570000000000e+06 -3.0000000000000001e-06
  4.9743559999999998e+05 -2.0000000000000002e-05
  1.1320270000000000e+05 -1.0800000000000000e-04
  3.2063330000000002e+04 -4.5399999999999998e-04
  1.0459620000000001e+04 -1.6500000000000000e-03
  3.7755059999999999e+03 -5.3400000000000001e-03
  1.4720400000000000e+03 -1.5592999999999999e-02
  6.0993309999999997e+02 -4.0724000000000003e-02
  2.6526339999999999e+02 -9.2083999999999999e-02
  1.1986069999999999e+02 -1.6636400000000001e-01
  5.5448909999999998e+01 -1.8580600000000000e-01
  2.4983720000000002e+01  4.5858000000000003e-02
  1.1880559999999999e+01  5.0806099999999998e-01
  5.6603110000000001e+00  5.0693800000000000e-01
  2.4957029999999998e+00  9.4281000000000004e-02
  1.1778660000000001e+00 -2.6619999999999999e-03
  5.2004399999999995e-01  2.3620000000000000e-03
  1.1596500000000000e-01 -5.8500000000000002e-04
  5.8937999999999997e-02  4.7300000000000000e-04
  2.6946000000000001e-02  0.0000000000000000e+00
l=0 n=20
  3.3218570000000000e+06  9.9999999999999995e-07
  4.9743559999999998e+05  6.9999999999999999e-06
  1.1320270000000000e+05  4.0000000000000003e-05
  3.2063330000000002e+04  1.6500000000000000e-04
  1.0459620000000001e+04  6.0200000000000000e-04
  3.7755059999999999e+03  1.9490000000000000e-03
  1.4720400000000000e+03  5.7029999999999997e-03
  6.0993309999999997e+02  1.5003000000000001e-02
  2.6526339999999999e+02  3.4334000000000003e-02
  1.1986069999999999e+02  6.4008999999999996e-02
  5.5448909999999998e+01  7.4996999999999994e-02
  2.4983720000000002e+01 -1.9602000000000001e-02
  1.1880559999999999e+01 -2.8702200000000000e-01
  5.6603110000000001e+00 -4.5409400000000000e-01
  2.4957029999999998e+00  9.1030000000000000e-02
  1.1778660000000001e+00  7.1114999999999995e-01
  5.2004399999999995e-01  4.3103300000000000e-01
  1.1596500000000000e-01  2.6082000000000001e-02
  5.8937999999999997e-02 -1.1401000000000000e-02
  2.6946000000000001e-02  0.0000000000000000e+00
l=0 n=20
  3.3218570000000000e+06  0.0000000000000000e+00
  4.9743559999999998e+05 -1.9999999999999999e-06
  1.1320270000000000e+05 -9.0000000000000002e-06
  3.2063330000000002e+04 -3.8999999999999999e-05
  1.0459620000000001e+04 -1.4200000000000001e-04
  3.7755059999999999e+03 -4.6200000000000001e-04
  1.4720400000000000e+03 -1.3500000000000001e-03
  6.0993309999999997e+02 -3.5550000000000000e-03
  2.6526339999999999e+02 -8.1449999999999995e-03
  1.1986069999999999e+02 -1.5236000000000000e-02
  5.5448909999999998e+01 -1.7949000000000000e-02
  2.4983720000000002e+01  4.6600000000000001e-03
  1.1880559999999999e+01  7.2225999999999999e-02
  5.6603110000000001e+00  1.2162300000000000e-01
  2.4957029999999998e+00 -3.3728000000000001e-02
  1.1778660000000001e+00 -2.4731100000000000e-01
  5.2004399999999995e-01 -2.8291899999999998e-01
  1.1596500000000000e-01  3.3085300000000001e-01
  5.8937999999999997e-02  5.8714200000000005e-01
  2.6946000000000001e-02  0.0000000000000000e+00
l=0 n=20
  3.3218570000000000e+06 -1.9000000000000001e-05
  4.9743559999999998e+05  1.4500000000000000e-04
  1.1320270000000000e+05 -9.6000000000000002e-05
  3.2063330000000002e+04 -4.0000000000000003e-05
  1.0459620000000001e+04 -2.7000000000000000e-04
  3.7755059999999999e+03 -8.5899999999999995e-04
  1.4720400000000000e+03 -2.3670000000000002e-03
  6.0993309999999997e+02 -6.8060000000000004e-03
  2.6526339999999999e+02 -1.3875999999999999e-02
  1.1986069999999999e+02 -3.0553000000000000e-02
  5.5448909999999998e+01 -2.6068999999999998e-02
  2.4983720000000002e+01 -9.2329999999999999e-03
  1.1880559999999999e+01  1.7793800000000001e-01
  5.6603110000000001e+00  1.5431500000000001e-01
  2.4957029999999998e+00  9.2126000000000000e-02
  1.1778660000000001e+00 -1.0115069999999999e+00
  5.2004399999999995e-01  2.2815500000000000e-01
  1.1596500000000000e-01  2.1204380000000000e+00
  5.8937999999999997e-02 -1.2643960000000001e+00
  2.6946000000000001e-02  0.0000000000000000e+00
l=0 n=20
  3.3218570000000000e+06 -4.3999999999999999e-05
  4.9743559999999998e+05  2.3499999999999999e-04
  1.1320270000000000e+05 -7.7600000000000000e-04
  3.2063330000000002e+04  3.1229999999999999e-03
  1.0459620000000001e+04 -2.7770000000000000e-03
  3.7755059999999999e+03 -2.4499999999999999e-04
  1.4720400000000000e+03 -4.4219999999999997e-03
  6.0993309999999997e+02 -1.0853000000000000e-02
  2.6526339999999999e+02 -2.2211000000000002e-02
  1.1986069999999999e+02 -5.1309000000000000e-02
  5.5448909999999998e+01 -3.8396000000000000e-02
  2.4983720000000002e+01 -2.7469000000000000e-02
  1.1880559999999999e+01  3.3485399999999998e-01
  5.6603110000000001e+00  2.4938600000000000e-01
  2.4957029999999998e+00  6.3811999999999994e-02
  1.1778660000000001e+00 -2.4167250000000000e+00
  5.2004399999999995e-01  2.6591510000000000e+00
  1.1596500000000000e-01 -1.0764899999999999e-01
  5.8937999999999997e-02 -2.1632850000000001e+00
  2.6946000000000001e-02  0.0000000000000000e+00
l=0 n=20
  3.3218570000000000e+06  0.0000000000000000e+00
  4.9743559999999998e+05  0.0000000000000000e+00
  1.1320270000000000e+05  0.0000000000000000e+00
  3.2063330000000002e+04  0.0000000000000000e+00
  1.0459620000000001e+04  0.0000000000000000e+00
  3.7755059999999999e+03  0.0000000000000000e+00
  1.4720400000000000e+03  0.0000000000000000e+00
  6.0993309999999997e+02  0.0000000000000000e+00
  2.6526339999999999e+02  0.0000000000000000e+00
  1.1986069999999999e+02  0.0000000000000000e+00
  5.5448909999999998e+01  0.0000000000000000e+00
  2.4983720000000002e+01  0.0000000000000000e+00
  1.1880559999999999e+01  0.0000000000000000e+00
  5.6603110000000001e+00  0.0000000000000000e+00
  2.4957029999999998e+00  0.0000000000000000e+00
  1.1778660000000001e+00  0.0000000000000000e+00
  5.2004399999999995e-01  0.0000000000000000e+00
  1.1596500000000000e-01  0.0000000000000000e+00
  5.8937999999999997e-02  0.0000000000000000e+00
  2.6946000000000001e-02  1.0000000000000000e+00
l=1 n=15
  5.7773770000000004e+03  1.8400000000000000e-04
  1.3686740000000000e+03  1.6110000000000000e-03
  4.4412329999999997e+02  8.9330000000000000e-03
  1.6909909999999999e+02  3.6408000000000003e-02
  7.1101910000000004e+01  1.1255999999999999e-01
  3.1903110000000002e+01  2.5238800000000000e-01
  1.4851089999999999e+01  3.8048900000000002e-01
  7.0852269999999997e+00  3.1047799999999998e-01
  3.3244220000000002e+00  8.8080000000000006e-02
  1.5411640000000000e+00  3.1979999999999999e-03
  6.9052000000000002e-01  1.3680000000000001e-03
  2.8542400000000001e-01 -3.8800000000000000e-04
  1.1420000000000000e-01  2.1499999999999999e-04
  4.5699999999999998e-02 -1.0300000000000000e-04
  1.8300000000000000e-02  0.0000000000000000e+00
l=1 n=15
  5.7773770000000004e+03 -6.3000000000000000e-05
  1.3686740000000000e+03 -5.5000000000000003e-04
  4.4412329999999997e+02 -3.0750000000000000e-03
  1.6909909999999999e+02 -1.2680000000000000e-02
  7.1101910000000004e+01 -4.0439000000000003e-02
  3.1903110000000002e+01 -9.4168000000000002e-02
  1.4851089999999999e+01 -1.5142600000000001e-01
  7.0852269999999997e+00 -1.1258000000000000e-01
  3.3244220000000002e+00  1.6786100000000001e-01
  1.5411640000000000e+00  4.6950799999999998e-01
  6.9052000000000002e-01  4.2012400000000000e-01
  2.8542400000000001e-01  1.0900000000000000e-01
  1.1420000000000000e-01 -1.2830000000000001e-03
  4.5699999999999998e-02  2.9659999999999999e-03
  1.8300000000000000e-02  0.0000000000000000e+00
l=1 n=15
  5.7773770000000004e+03  1.9000000000000001e-05
  1.3686740000000000e+03  1.6600000000000000e-04
  4.4412329999999997e+02  9.1500000000000001e-04
  1.6909909999999999e+02  3.8240000000000001e-03
  7.1101910000000004e+01  1.2062000000000000e-02
  3.1903110000000002e+01  2.8625999999999999e-02
  1.4851089999999999e+01  4.5373999999999998e-02
  7.0852269999999997e+00  3.5736999999999998e-02
  3.3244220000000002e+00 -6.3228999999999994e-02
  1.5411640000000000e+00 -1.6213000000000000e-01
  6.9052000000000002e-01 -2.1052199999999999e-01
  2.8542400000000001e-01  1.3066200000000000e-01
  1.1420000000000000e-01  7.3044200000000004e-01
  4.5699999999999998e-02  2.7873500000000001e-01
  1.8300000000000000e-02  0.0000000000000000e+00
l=1 n=15
  5.7773770000000004e+03 -5.0199999999999995e-04
  1.3686740000000000e+03  5.2800000000000004e-04
  4.4412329999999997e+02  1.8630000000000001e-03
  1.6909909999999999e+02  7.4809999999999998e-03
  7.1101910000000004e+01  2.5427000000000002e-02
  3.1903110000000002e+01  5.4705999999999998e-02
  1.4851089999999999e+01  1.0359500000000001e-01
  7.0852269999999997e+00  6.2177000000000003e-02
  3.3244220000000002e+00 -1.1663600000000000e-01
  1.5411640000000000e+00 -5.4647900000000005e-01
  6.9052000000000002e-01 -1.4943899999999999e-01
  2.8542400000000001e-01  1.3803190000000001e+00
  1.1420000000000000e-01 -3.5159299999999999e-01
  4.5699999999999998e-02 -6.4861999999999997e-01
  1.8300000000000000e-02  0.0000000000000000e+00
l=1 n=15
  5.7773770000000004e+03 -1.8770000000000000e-03
  1.3686740000000000e+03  8.5150000000000000e-03
  4.4412329999999997e+02 -2.8833000000000001e-02
  1.6909909999999999e+02  3.2690999999999998e-02
  7.1101910000000004e+01  1.7118000000000001e-02
  3.1903110000000002e+01  8.5057999999999995e-02
  1.4851089999999999e+01  1.1760900000000001e-01
  7.0852269999999997e+00  1.4776200000000000e-01
  3.3244220000000002e+00 -2.8500599999999998e-01
  1.5411640000000000e+00 -1.1883840000000001e+00
  6.9052000000000002e-01  1.8230990000000000e+00
  2.8542400000000001e-01 -2.1434000000000000e-01
  1.1420000000000000e-01 -1.4357020000000000e+00
  4.5699999999999998e-02  1.3682950000000000e+00
  1.8300000000000000e-02  0.0000000000000000e+00
l=1 n=15
  5.7773770000000004e+03  0.0000000000000000e+00
  1.3686740000000000e+03  0.0000000000000000e+00
  4.4412329999999997e+02  0.0000000000000000e+00
  1.6909909999999999e+02  0.0000000000000000e+00
  7.1101910000000004e+01  0.0000000000000000e+00
  3.1903110000000002e+01  0.0000000000000000e+00
  1.4851089999999999e+01  0.0000000000000000e+00
  7.0852269999999997e+00  0.0000000000000000e+00
  3.3244220000000002e+00  0.0000000000000000e+00
  1.5411640000000000e+00  0.0000000000000000e+00
  6.9052000000000002e-01  0.0000000000000000e+00
  2.8542400000000001e-01  0.0000000000000000e+00
  1.1420000000000000e-01  0.0000000000000000e+00
  4.5699999999999998e-02  0.0000000000000000e+00
  1.8300000000000000e-02  1.0000000000000000e+00
l=2 n=10
  1.5585270000000000e+02  8.5499999999999997e-04
  4.6497709999999998e+01  7.1659999999999996e-03
  1.7629989999999999e+01  3.1623999999999999e-02
  7.3546719999999999e+00  9.5843999999999999e-02
  3.2740510000000000e+00  2.0616399999999999e-01
  1.4824820000000001e+00  3.0420100000000000e-01
  6.6135100000000002e-01  3.2532100000000003e-01
  2.8482600000000002e-01  2.6661200000000002e-01
  1.1289900000000000e-01  1.3583700000000001e-01
  4.5159999999999999e-02  2.1291999999999998e-02
l=2 n=10
  1.5585270000000000e+02 -9.3199999999999999e-04
  4.6497709999999998e+01 -7.4970000000000002e-03
  1.7629989999999999e+01 -3.4016999999999999e-02
  7.3546719999999999e+00 -1.0449400000000000e-01
  3.2740510000000000e+00 -2.2263900000000000e-01
  1.4824820000000001e+00 -2.7842299999999998e-01
  6.6135100000000002e-01 -1.1784100000000000e-01
  2.8482600000000002e-01  3.5420000000000001e-01
  1.1289900000000000e-01  5.3022899999999995e-01
  4.5159999999999999e-02  1.5663099999999999e-01
l=2 n=10
  1.5585270000000000e+02  1.4700000000000000e-03
  4.6497709999999998e+01  1.1658000000000000e-02
  1.7629989999999999e+01  5.4250000000000000e-02
  7.3546719999999999e+00  1.7094799999999999e-01
  3.2740510000000000e+00  3.4345300000000001e-01
  1.4824820000000001e+00  2.3937900000000001e-01
  6.6135100000000002e-01 -5.1509600000000000e-01
  2.8482600000000002e-01 -5.4697099999999998e-01
  1.1289900000000000e-01  5.5161499999999997e-01
  4.5159999999999999e-02  3.4518700000000002e-01
l=2 n=10
  1.5585270000000000e+02 -1.0581000000000000e-02
  4.6497709999999998e+01  1.9182999999999999e-02
  1.7629989999999999e+01  7.7499999999999999e-02
  7.3546719999999999e+00  2.1671000000000001e-01
  3.2740510000000000e+00  4.6864400000000001e-01
  1.4824820000000001e+00 -3.0559700000000001e-01
  6.6135100000000002e-01 -9.4229499999999999e-01
  2.8482600000000002e-01  1.0558660000000000e+00
  1.1289900000000000e-01  7.5556999999999999e-02
  4.5159999999999999e-02 -6.8854000000000004e-01
l=2 n=10
  1.5585270000000000e+02 -2.5471000000000001e-02
  4.6497709999999998e+01  1.1246500000000000e-01
  1.7629989999999999e+01 -1.8827199999999999e-01
  7.3546719999999999e+00 -2.6193300000000003e-01
  3.2740510000000000e+00 -5.0008300000000006e-01
  1.4824820000000001e+00  1.3735240000000000e+00
  6.6135100000000002e-01 -7.5244200000000006e-01
  2.8482600000000002e-01 -5.9064000000000005e-01
  1.1289900000000000e-01  1.3961509999999999e+00
  4.5159999999999999e-02 -1.0661099999999999e+00
l=3 n=6
  7.3242000000000003e+00  2.6102000000000000e-02
  2.9297000000000000e+00  1.1691000000000000e-01
  1.1718999999999999e+00  3.2177600000000001e-01
  4.6879999999999999e-01  4.7824299999999997e-01
  1.8750000000000000e-01  3.2049000000000000e-01
  7.4999999999999997e-02  6.4542000000000002e-02
l=3 n=6
  7.3242000000000003e+00 -7.1516999999999997e-02
  2.9297000000000000e+00 -2.9488100000000000e-01
  1.1718999999999999e+00 -5.3748600000000002e-01
  4.6879999999999999e-01  6.3025999999999999e-02
  1.8750000000000000e-01  5.9244399999999997e-01
  7.4999999999999997e-02  1.7365200000000000e-01
l=3 n=6
  7.3242000000000003e+00 -1.5196899999999999e-01
  2.9297000000000000e+00 -5.7030899999999995e-01
  1.1718999999999999e+00 -4.2213000000000001e-02
  4.6879999999999999e-01  8.6952700000000005e-01
  1.8750000000000000e-01 -4.7457899999999997e-01
  7.4999999999999997e-02 -3.9056600000000002e-01
l=4 n=4
  3.5116000000000001e+00  1.0375400000000000e-01
  1.4063000000000001e+00  2.9398999999999997e-01
  5.6250000000000000e-01  5.4336399999999996e-01
  2.2500000000000001e-01  3.5502000000000000e-01
l=4 n=4
  3.5116000000000001e+00 -3.7402000000000002e-01
  1.4063000000000001e+00 -5.4422499999999996e-01
  5.6250000000000000e-01  6.1064000000000000e-02
  2.2500000000000001e-01  6.5226499999999998e-01
end=23
